0 0.63359375 0.53828125 0.1015625 0.1890625
0 0.259375 0.22890625 0.059375 0.1015625
0 0.459375 0.30234375 0.065625 0.1140625
0 0.17734375 0.21328125 0.0515625 0.1015625
0 0.46953125 0.10859375 0.0484375 0.0671875
0 0.621875 0.84609375 0.13125 0.2296875
0 0.16953125 0.1015625 0.0453125 0.065625
0 0.44296875 0.6859375 0.1171875 0.2125
0 0.834375 0.6375 0.11875 0.178125
0 0.484375 0.21875 0.0625 0.09375
0 0.317609375 0.13846875 0.0481875 0.08317187499999999
0 0.5578125 0.37421875 0.065625 0.1265625
0 0.245828125 0.043140625 0.028015625 0.043078125