0 0.22265625 0.1046875 0.0359375 0.0625
0 0.8890625 0.31015625 0.059375 0.1109375
0 0.62109375 0.08125 0.0359375 0.059375
0 0.115625 0.321875 0.059375 0.1
0 0.35234375 0.0484375 0.0296875 0.053125
0 0.378125 0.18046875 0.040625 0.0765625
0 0.22578125 0.44140625 0.0734375 0.1328125
0 0.03046875 0.31875 0.0609375 0.096875
0 0.31242187499999996 0.309734375 0.061796874999999994 0.105546875
0 0.725359375 0.19084375 0.043046875 0.078546875
0 0.215625 0.28203125 0.05 0.0828125
0 0.75234375 0.37890625 0.0671875 0.1171875
0 0.84609375 0.16484375 0.0453125 0.0640625
0 0.1609375 0.2625 0.046875 0.084375
0 0.76015625 0.149140625 0.0296875 0.067328125
0 0.79296875 0.32265625 0.0578125 0.1140625