0 0.14484375 0.364671875 0.0565625 0.067515625
0 0.53640625 0.88734375 0.1384375 0.190953125
0 0.50625 0.3953125 0.06875 0.08125
0 0.030156250000000002 0.49279687499999997 0.060312500000000005 0.080015625
0 0.1278125 0.813125 0.10687500000000001 0.18
0 0.88125 0.6375 0.103125 0.146875
0 0.153125 0.1765625 0.034375 0.05625
0 0.8848437499999999 0.8109375 0.13968750000000002 0.1875
0 0.2109375 0.21640625 0.040625 0.0765625
0 0.25125000000000003 0.27515625 0.043125000000000004 0.055953125000000006
0 0.73734375 0.5248437499999999 0.0834375 0.1221875
0 0.459375 0.32265625 0.05 0.0703125
0 0.35390625 0.3359375 0.0640625 0.08125
0 0.20703125 0.16015625 0.0296875 0.0453125
0 0.21625 0.7251562500000001 0.110625 0.1653125
0 0.64296875 0.571875 0.0953125 0.134375
0 0.3109375 0.2453125 0.040625 0.059375
0 0.32265625 0.31015625 0.0421875 0.0703125