0 0.63828125 0.60703125 0.1140625 0.2140625
0 0.92421875 0.09296875 0.0609375 0.1015625
0 0.8046875 0.45078125 0.1 0.1703125
0 0.22890625 0.3828125 0.1109375 0.140625
0 0.74140625 0.19453125 0.0765625 0.1171875
0 0.31832812499999996 0.252625 0.065625 0.12740625
0 0.38806250000000003 0.49709375 0.10114062500000001 0.1839375
0 0.66796875 0.08046875 0.0515625 0.0921875
0 0.54140625 0.32890625 0.0953125 0.1328125
0 0.49765625 0.55625 0.1046875 0.196875
0 0.38806250000000003 0.880109375 0.12784374999999998 0.232109375
0 0.799859375 0.113984375 0.057390624999999994 0.093890625
0 0.24375 0.64140625 0.1375 0.2109375
0 0.726203125 0.081328125 0.05242187499999999 0.08139062500000001