0 0.9734375 0.10546875 0.03125 0.0484375
0 0.5078125 0.40546875 0.059375 0.0953125
0 0.76015625 0.13359375 0.0328125 0.0546875
0 0.76171875 0.54765625 0.0703125 0.1140625
0 0.93125 0.39921875 0.05 0.0859375
0 0.6515625 0.334375 0.05 0.08125
0 0.840625 0.15546875 0.03125 0.0484375
0 0.90546875 0.20234375 0.0359375 0.0671875
0 0.45546875 0.34375 0.0578125 0.0875
0 0.7 0.290625 0.04375 0.071875
0 0.8390625 0.47109375 0.05625 0.0953125
0 0.76484375 0.31953125 0.0453125 0.0765625
0 0.8171875 0.3203125 0.046875 0.08125
0 0.877890625 0.2950625 0.047828125 0.07535937499999999