0 0.6484375 0.91953125 0.1125 0.1578125
0 0.86015625 0.86875 0.1015625 0.1875
0 0.8921875 0.2515625 0.046875 0.084375
0 0.415625 0.51953125 0.078125 0.1234375
0 0.45625 0.390625 0.0625 0.103125
0 0.64375 0.39609375 0.05625 0.0953125
0 0.9078125 0.60078125 0.06875 0.1265625
0 0.56171875 0.46640625 0.0640625 0.1046875
0 0.7015625 0.5125 0.06875 0.115625
0 0.97265625 0.1140625 0.0359375 0.0625
0 0.78984375 0.20078125 0.0390625 0.0671875
0 0.74375 0.14921875 0.040625 0.0609375
0 0.82109375 0.403125 0.0640625 0.10625