0 0.79765625 0.6984375 0.0921875 0.153125
0 0.40625 0.8265625 0.1 0.1625
0 0.63359375 0.31328125 0.0546875 0.0859375
0 0.6890625 0.5953125 0.075 0.125
0 0.5359375 0.4109375 0.053125 0.096875
0 0.79296875 0.05234375 0.0234375 0.0390625
0 0.615625 0.19765625 0.046875 0.0578125
0 0.8328125 0.28203125 0.05 0.0796875
0 0.92578125 0.37265625 0.0578125 0.0953125
0 0.459375 0.296875 0.05625 0.075
0 0.85 0.50625 0.059375 0.1
0 0.509625 0.25696875 0.05371875 0.06534375
0 0.900515625 0.20978124999999997 0.037671875 0.060750000000000005
0 0.86134375 0.16989062500000002 0.035765625 0.05325
0 0.9733906250000001 0.1595625 0.031171874999999998 0.051484375000000006
0 0.82675 0.14334375 0.0270625 0.047375
0 0.9281874999999999 0.184125 0.02890625 0.060187500000000005