0 0.75625 0.21640625 0.040625 0.0703125
0 0.6234375 0.38828125 0.109375 0.0859375
0 0.63046875 0.21328125 0.0421875 0.0671875
0 0.37734375 0.40234375 0.1265625 0.0921875
0 0.48004687500000004 0.249609375 0.045875 0.07535937499999999
0 0.525 0.22265625 0.04375 0.0671875
0 0.42421875 0.50625 0.1609375 0.1125
0 0.36875 0.2421875 0.040625 0.05625
0 0.59296875 0.18359375 0.0359375 0.0578125
0 0.103125 0.45859375 0.1625 0.1140625
0 0.170734375 0.39054687499999996 0.12471874999999999 0.087640625
0 0.44453125 0.2734375 0.0484375 0.078125
0 0.4984375 0.3578125 0.109375 0.09375
0 0.4984375 0.11015625 0.03125 0.0484375
0 0.571875 0.23671875 0.04375 0.0671875
0 0.26390625 0.57503125 0.197671875 0.112265625