0 0.33046875 0.22578125 0.0453125 0.0671875
0 0.775 0.59375 0.1375 0.15
0 0.25390625 0.1921875 0.0453125 0.075
0 0.88046875 0.43671875 0.1578125 0.0984375
0 0.0671875 0.25234375 0.078125 0.0734375
0 0.24609375 0.5234375 0.1703125 0.11875
0 0.55859375 0.47421875 0.1796875 0.1140625
0 0.1984375 0.234375 0.0625 0.078125
0 0.059375 0.53684375 0.118296875 0.10718749999999999
0 0.10484374999999999 0.499421875 0.13343750000000001 0.11759375000000001
0 0.0763125 0.193359375 0.059812500000000005 0.068484375
0 0.6150156250000001 0.44734375000000004 0.12073437499999999 0.115203125