0 0.5171875 0.75859375 0.115625 0.1015625
0 0.9875 0.45078125 0.021875 0.0421875
0 0.64375 0.45390625 0.028125 0.0453125
0 0.7765625 0.7640625 0.103125 0.090625
0 0.31796875 0.7890625 0.1484375 0.0875
0 0.871875 0.6515625 0.084375 0.08125
0 0.628125 0.58515625 0.04375 0.0703125
0 0.8640625 0.32578125 0.01875 0.0359375
0 0.54921875 0.62890625 0.0453125 0.0796875
0 0.46796875 0.60234375 0.0328125 0.0578125
0 0.7875 0.46484375 0.028125 0.0484375
0 0.79609375 0.36171875 0.0171875 0.0328125
0 0.721875 0.4484375 0.021875 0.0375
0 0.96328125 0.30078125 0.0171875 0.0296875
0 0.5140625 0.58828125 0.034375 0.0640625
0 0.346875 0.5984375 0.046875 0.065625
0 0.734375 0.5859375 0.040625 0.071875
0 0.684375 0.50078125 0.028125 0.0484375
0 0.70234375 0.32890625 0.0390625 0.0296875
0 0.67578125 0.58984375 0.0421875 0.0703125
0 0.9125 0.60078125 0.04375 0.0671875
0 0.74296875 0.33984375 0.0390625 0.0296875
0 0.9171875 0.29609375 0.0125 0.0296875
0 0.74609375 0.46484375 0.0296875 0.0453125
0 0.21328125 0.9296875 0.1796875 0.121875
0 0.584375 0.60859375 0.040625 0.0703125
0 0.725 0.7109375 0.103125 0.0875
0 0.75078125 0.4296875 0.0265625 0.034375