0 0.06171875 0.80078125 0.1234375 0.1265625
0 0.90390625 0.78671875 0.1296875 0.1140625
0 0.7875 0.440625 0.046875 0.071875
0 0.88203125 0.234375 0.0203125 0.0375
0 0.8578125 0.36328125 0.03125 0.0546875
0 0.74375 0.32734375 0.025 0.0453125
0 0.68515625 0.27421875 0.0234375 0.0421875
0 0.934375 0.1859375 0.01875 0.028125
0 0.8734375 0.296875 0.021875 0.0375
0 0.98125 0.3328125 0.034375 0.053125
0 0.1890625 0.4671875 0.040625 0.05625
0 0.0640625 0.46171875 0.04375 0.0671875
0 0.83984375 0.21015625 0.0171875 0.0265625
0 0.7609375 0.1640625 0.015625 0.028125
0 0.34609375 0.44921875 0.0421875 0.0703125
0 0.796875 0.234375 0.01875 0.034375
0 0.35546875 0.39921875 0.0328125 0.0484375
0 0.39296875 0.4546875 0.0421875 0.071875
0 0.4484375 0.2296875 0.01875 0.034375
0 0.453125 0.453125 0.040625 0.065625
0 0.3015625 0.47265625 0.040625 0.0703125
0 0.53046875 0.45234375 0.0421875 0.0703125
0 0.78359375 0.1546875 0.0109375 0.025
0 0.23359375 0.45390625 0.0359375 0.0609375
0 0.675 0.25 0.021875 0.03125
0 0.471875 0.21875 0.01875 0.034375
0 0.74453125 0.14296875 0.0109375 0.0203125
0 0.8796875 0.4578125 0.04375 0.071875
0 0.5109375 0.22578125 0.01875 0.0390625
0 0.5734375 0.290625 0.025 0.040625
0 0.4734375 0.41640625 0.034375 0.0609375
0 0.4328125 0.203125 0.025 0.028125
0 0.5625 0.18046875 0.015625 0.0265625
0 0.215625 0.42109375 0.028125 0.0515625
0 0.5703125 0.240625 0.015625 0.03125
0 0.4609375 0.3765625 0.028125 0.034375
0 0.803125 0.1984375 0.015625 0.025
0 0.5234375 0.390625 0.025 0.03125
0 0.89453125 0.4109375 0.0421875 0.053125
0 0.6703125 0.5296875 0.046875 0.065625
0 0.52109375 0.38046875 0.0296875 0.0484375
0 0.5515625 0.2171875 0.0125 0.03125
0 0.5328125 0.22109375 0.01875 0.0390625
0 0.44296875 0.16796875 0.0140625 0.0265625
0 0.41953125 0.17890625 0.0140625 0.0296875
0 0.546875 0.184375 0.0125 0.021875
0 0.76484375 0.15234375 0.0140625 0.0171875
0 0.45546875 0.1875 0.0140625 0.021875
0 0.49765625 0.196875 0.0140625 0.03125
0 0.48203125 0.18828125 0.0140625 0.0296875
0 0.45390625 0.215625 0.0171875 0.034375
0 0.9795624999999999 0.228125 0.015625 0.021140625
0 0.265625 0.49296875 0.046875 0.0796875
0 0.62421875 0.4484375 0.0328125 0.0375