0 0.184375 0.4265625 0.05625 0.096875
0 0.42421875 0.70625 0.0828125 0.14375
0 0.27109375 0.57109375 0.0671875 0.1140625
0 0.2625 0.31953125 0.040625 0.0734375
0 0.03515625 0.21640625 0.0328125 0.0578125
0 0.1625 0.06171875 0.01875 0.0328125
0 0.16953125 0.165625 0.0296875 0.05
0 0.1125 0.24140625 0.0375 0.0671875
0 0.065625 0.11328125 0.025 0.0421875
0 0.0421875 0.12890625 0.021875 0.0421875
0 0.51171875 0.54296875 0.0421875 0.0703125
0 0.1640625 0.2734375 0.0375 0.065625
0 0.12421875 0.0484375 0.0171875 0.025
0 0.0859375 0.0453125 0.0125 0.021875
0 0.08896875 0.16314062499999998 0.027578125 0.027750000000000004
0 0.143015625 0.08015625 0.013234375000000001 0.020953125
0 0.10859375 0.11171875 0.0265625 0.0390625
0 0.1109375 0.01015625 0.0125 0.0203125
0 0.155515625 0.14931250000000001 0.021687500000000002 0.026000000000000002
0 0.06221875 0.076515625 0.021328125 0.024906249999999998