0 0.75625 0.7453125 0.05625 0.096875
0 0.640625 0.8734375 0.071875 0.1125
0 0.37734375 0.78046875 0.0609375 0.1015625
0 0.7640625 0.571875 0.034375 0.05625
0 0.345203125 0.6788125 0.037703125 0.0705
0 0.187953125 0.5111718749999999 0.027234374999999998 0.043265625
0 0.41171875 0.6484375 0.0515625 0.078125
0 0.86484375 0.6625 0.0453125 0.071875
0 0.04140625 0.43125 0.0234375 0.0375
0 0.66796875 0.50625 0.0296875 0.05
0 0.040625 0.55078125 0.03125 0.0578125
0 0.5921875 0.4515625 0.025 0.0375
0 0.275 0.69453125 0.04375 0.0828125
0 0.82265625 0.615625 0.0390625 0.071875
0 0.65 0.53671875 0.03125 0.0546875
0 0.81796875 0.55625 0.0296875 0.046875
0 0.0703125 0.40625 0.01875 0.03125
0 0.3421875 0.47734375 0.028125 0.0359375
0 0.96875 0.725 0.05625 0.09375
0 0.63984375 0.4484375 0.0234375 0.034375
0 0.1 0.4734375 0.028125 0.046875
0 0.24296875 0.56953125 0.0359375 0.0578125
0 0.08515625 0.44140625 0.0171875 0.0359375
0 0.74375 0.52265625 0.03125 0.0453125
0 0.3640625 0.46796875 0.021875 0.0359375
0 0.26875 0.6296875 0.0375 0.071875
0 0.940625 0.546875 0.05 0.059375
0 0.9328125 0.709375 0.0375 0.059375
0 0.92265625 0.6453125 0.0390625 0.059375
0 0.2703125 0.5484375 0.03125 0.04375
0 0.2703125 0.57421875 0.028125 0.0390625
0 0.474796875 0.757515625 0.07159375 0.098265625