0 0.4671875 0.55 0.071875 0.128125
0 0.8546875 0.04609375 0.021875 0.0359375
0 0.6953125 0.0234375 0.021875 0.03125
0 0.721875 0.128125 0.03125 0.05
0 0.671875 0.20703125 0.0375 0.0578125
0 0.36328125 0.4765625 0.0640625 0.1
0 0.79140625 0.3109375 0.0546875 0.0875
0 0.7125 0.309375 0.05 0.084375
0 0.58671875 0.57734375 0.0671875 0.1296875
0 0.74765625 0.603125 0.0671875 0.140625
0 0.58828125 0.3328125 0.0484375 0.071875
0 0.9171875 0.08203125 0.025 0.0390625
0 0.78125 0.146875 0.034375 0.059375
0 0.89375 0.2703125 0.040625 0.078125
0 0.63671875 0.16328125 0.0359375 0.0578125
0 0.6296875 0.6765625 0.071875 0.13125
0 0.659375 0.0125 0.01875 0.025
0 0.60625 0.24609375 0.04375 0.0703125
0 0.91796875 0.034375 0.0203125 0.03125
0 0.9296875 0.01953125 0.01875 0.0203125
0 0.803125 0.07578125 0.025 0.0515625
0 0.738515625 0.085390625 0.0234375 0.029203125000000003
0 0.80390625 0.0359375 0.0296875 0.028125
0 0.1749375 0.941453125 0.102390625 0.117078125
0 0.75625 0.071875 0.021875 0.028125