0 0.4671875 0.55 0.071875 0.128125
0 0.721875 0.128125 0.03125 0.05
0 0.671875 0.20703125 0.0375 0.0578125
0 0.36328125 0.4765625 0.0640625 0.1
0 0.79140625 0.3109375 0.0546875 0.0875
0 0.7125 0.309375 0.05 0.084375
0 0.58671875 0.57734375 0.0671875 0.1296875
0 0.74765625 0.603125 0.0671875 0.140625
0 0.58828125 0.3328125 0.0484375 0.071875
0 0.78125 0.146875 0.034375 0.059375
0 0.89375 0.2703125 0.040625 0.078125
0 0.63671875 0.16328125 0.0359375 0.0578125
0 0.6296875 0.6765625 0.071875 0.13125
0 0.60625 0.24609375 0.04375 0.0703125