0 0.8046875 0.56328125 0.065625 0.1109375
0 0.72421875 0.4265625 0.0578125 0.096875
0 0.1859375 0.26640625 0.0375 0.0546875
0 0.953125 0.69375 0.08125 0.1375
0 0.30390625 0.36640625 0.0546875 0.0859375
0 0.4015625 0.32578125 0.040625 0.0765625
0 0.10625 0.384375 0.05 0.071875
0 0.3640625 0.1109375 0.021875 0.034375
0 0.259375 0.63828125 0.06875 0.1359375
0 0.803125 0.3265625 0.040625 0.071875
0 0.57890625 0.2234375 0.0328125 0.059375
0 0.42421875 0.14375 0.0234375 0.04375
0 0.11015625 0.6140625 0.0640625 0.121875
0 0.29375 0.2078125 0.0375 0.05625
0 0.2265625 0.36171875 0.05 0.0828125
0 0.6546875 0.2484375 0.0375 0.065625
0 0.70390625 0.07421875 0.0203125 0.0328125
0 0.1765625 0.071875 0.01875 0.034375
0 0.14921875 0.71328125 0.0671875 0.1234375
0 0.23203125 0.1890625 0.0328125 0.05
0 0.71171875 0.17734375 0.0265625 0.0484375
0 0.2078125 0.0875 0.01875 0.03125
0 0.58515625 0.1390625 0.0203125 0.040625
0 0.15 0.221875 0.0375 0.05625
0 0.31328125 0.13984375 0.0234375 0.0484375
0 0.253125 0.14375 0.025 0.0375
0 0.6515625 0.12578125 0.025 0.0359375
0 0.61171875 0.12421875 0.0203125 0.0359375
0 0.70390625 0.278125 0.0421875 0.08125
0 0.48984375 0.1046875 0.0171875 0.0375
0 0.69375 0.1484375 0.025 0.04375
0 0.26640625 0.1328125 0.0203125 0.03125
0 0.63125 0.05859375 0.015625 0.0234375
0 0.121875 0.3 0.040625 0.065625
0 0.65546875 0.02421875 0.0109375 0.0171875
0 0.440625 0.0828125 0.01875 0.021875
0 0.63046875 0.1671875 0.0296875 0.0375
0 0.3109375 0.10546875 0.025 0.0265625
0 0.4765625 0.04375 0.015625 0.025
0 0.6828125 0.08828125 0.01875 0.0328125
0 0.60703125 0.07421875 0.0203125 0.0390625
0 0.6359375 0.03359375 0.0125 0.0171875
0 0.66953125 0.0609375 0.0140625 0.025
0 0.65078125 0.1984375 0.0359375 0.0625
0 0.43760937499999997 0.01809375 0.010374999999999999 0.016390625
0 0.454796875 0.02284375 0.013484375000000002 0.019375