0 0.8046875 0.56328125 0.065625 0.1109375
0 0.72421875 0.4265625 0.0578125 0.096875
0 0.1859375 0.26640625 0.0375 0.0546875
0 0.953125 0.69375 0.08125 0.1375
0 0.30390625 0.36640625 0.0546875 0.0859375
0 0.4015625 0.32578125 0.040625 0.0765625
0 0.10625 0.384375 0.05 0.071875
0 0.259375 0.63828125 0.06875 0.1359375
0 0.803125 0.3265625 0.040625 0.071875
0 0.57890625 0.2234375 0.0328125 0.059375
0 0.11015625 0.6140625 0.0640625 0.121875
0 0.29375 0.2078125 0.0375 0.05625
0 0.2265625 0.36171875 0.05 0.0828125
0 0.6546875 0.2484375 0.0375 0.065625
0 0.14921875 0.71328125 0.0671875 0.1234375
0 0.23203125 0.1890625 0.0328125 0.05
0 0.15 0.221875 0.0375 0.05625
0 0.70390625 0.278125 0.0421875 0.08125