0 0.6328125 0.29375 0.05 0.084375
0 0.1578125 0.15546875 0.034375 0.0484375
0 0.3109375 0.02421875 0.021875 0.0359375
0 0.11328125 0.12109375 0.0296875 0.0484375
0 0.509375 0.1234375 0.028125 0.05
0 0.21484375 0.05 0.0265625 0.04375
0 0.19609375 0.23125 0.0421875 0.075
0 0.81953125 0.51015625 0.0703125 0.1203125
0 0.69375 0.39375 0.0625 0.09375
0 0.13359375 0.5078125 0.0609375 0.10625
0 0.02109375 0.39921875 0.0421875 0.1015625
0 0.34375 0.2 0.034375 0.0625
0 0.6375 0.08828125 0.025 0.0421875
0 0.09140625 0.240625 0.0421875 0.071875
0 0.24921875 0.10625 0.0296875 0.053125
0 0.1890625 0.0921875 0.028125 0.046875
0 0.2265625 0.440625 0.05625 0.1125
0 0.7171875 0.22265625 0.0375 0.0671875
0 0.628125 0.175 0.034375 0.0625
0 0.11015625 0.42109375 0.0546875 0.1015625
0 0.3640625 0.0578125 0.021875 0.040625
0 0.89921875 0.90234375 0.1078125 0.1921875
0 0.5890625 0.1421875 0.040625 0.0625
0 0.2578125 0.24140625 0.046875 0.0765625
0 0.97421875 0.4681875 0.050249999999999996 0.116109375