0 0.2359375 0.5953125 0.078125 0.1375
0 0.346875 0.62578125 0.078125 0.1234375
0 0.49453125 0.44609375 0.0609375 0.0984375
0 0.803125 0.325 0.046875 0.090625
0 0.6375 0.29296875 0.046875 0.0828125
0 0.5546875 0.2390625 0.04375 0.075
0 0.825 0.18671875 0.040625 0.0671875
0 0.90078125 0.1421875 0.0328125 0.059375
0 0.82109375 0.07109375 0.0265625 0.0515625
0 0.74375 0.1140625 0.03125 0.05
0 0.72734375 0.38828125 0.0484375 0.0796875
0 0.69140625 0.17578125 0.0390625 0.0640625
0 0.75703125 0.0671875 0.0265625 0.0375
0 0.4015625 0.884375 0.090625 0.1625
0 0.6953125 0.08984375 0.028125 0.0453125
0 0.77890625 0.1703125 0.0359375 0.0625
0 0.71953125 0.30546875 0.0453125 0.0765625