0 0.3953125 0.09444444444444444 0.03125 0.06190476190476191
0 0.325 0.3523809523809524 0.053125 0.10793650793650794
0 0.14609375 0.40476190476190477 0.0640625 0.1111111111111111
0 0.1265625 0.30158730158730157 0.053125 0.09841269841269841
0 0.2546875 0.20873015873015874 0.05 0.08095238095238096
0 0.086015625 0.15034920634920634 0.0421875 0.07142857142857142
0 0.7125 0.2365079365079365 0.053125 0.08888888888888889
0 0.57578125 0.06190476190476191 0.0328125 0.05714285714285714
0 0.715625 0.07380952380952381 0.034375 0.05555555555555555
0 0.6328125 0.2111111111111111 0.040625 0.08253968253968254
0 0.85625 0.5801587301587302 0.08125 0.14761904761904762
0 0.31484375 0.07936507936507936 0.0359375 0.06666666666666667
0 0.61953125 0.14285714285714285 0.0328125 0.044444444444444446
0 0.69765625 0.42936507936507934 0.0609375 0.12222222222222222
0 0.20546875 0.14047619047619048 0.0390625 0.07142857142857142