0 0.38828125 0.8640625 0.1078125 0.1875
0 0.20234375 0.7921875 0.0984375 0.159375
0 0.9578125 0.81328125 0.08125 0.1828125
0 0.88203125 0.29375 0.0515625 0.084375
0 0.85625 0.16796875 0.0375 0.0609375
0 0.6875 0.16171875 0.034375 0.0578125
0 0.71875 0.32578125 0.05 0.0890625
0 0.6015625 0.58984375 0.078125 0.1265625
0 0.55546875 0.4 0.0609375 0.096875
0 0.79453125 0.1875 0.0390625 0.06875
0 0.36015625 0.30703125 0.0734375 0.0890625
0 0.59765625 0.2625 0.0484375 0.08125
0 0.940625 0.103125 0.028125 0.046875
0 0.834375 0.07578125 0.021875 0.0421875
0 0.7359375 0.0765625 0.021875 0.04375
0 0.85546875 0.08359375 0.0265625 0.0578125
0 0.93046875 0.17734375 0.0421875 0.0734375
0 0.6265625 0.13515625 0.0375 0.0515625
0 0.8703125 0.06796875 0.025 0.0390625
0 0.50234375 0.19453125 0.0484375 0.0609375
0 0.59140625 0.13359375 0.0359375 0.0640625
0 0.95546875 0.05390625 0.0203125 0.0359375
0 0.3984375 0.25625 0.046875 0.065625