0 0.8875 0.2296875 0.0375 0.059375
0 0.68046875 0.58984375 0.0734375 0.1234375
0 0.79453125 0.59609375 0.0671875 0.1140625
0 0.633859375 0.20520312500000001 0.0328125 0.0484375
0 0.0859375 0.46796875 0.0625 0.0859375
0 0.8015625 0.39296875 0.05625 0.0859375
0 0.4453125 0.34140625 0.05625 0.0765625
0 0.33125 0.3828125 0.05625 0.084375
0 0.5296875 0.29765625 0.05 0.0859375
0 0.48984375 0.271875 0.0359375 0.065625
0 0.2203125 0.471875 0.0625 0.09375
0 0.87340625 0.092515625 0.02371875 0.035375000000000004
0 0.9533437499999999 0.050765625 0.016515625 0.028499999999999998
0 0.91978125 0.058921875 0.01715625 0.029906250000000002
0 0.8875781249999999 0.071484375 0.0191875 0.028187499999999997
0 0.643671875 0.127640625 0.028640624999999996 0.0345625