0 0.65546875 0.91484375 0.1171875 0.1671875
0 0.7359375 0.36484375 0.059375 0.0921875
0 0.38515625 0.84921875 0.1078125 0.2015625
0 0.6671875 0.4578125 0.065625 0.11875
0 0.52890625 0.3203125 0.0515625 0.084375
0 0.96015625 0.07890625 0.0265625 0.0421875
0 0.95859375 0.19921875 0.0359375 0.0640625
0 0.7703125 0.10546875 0.034375 0.0515625
0 0.31484375 0.65234375 0.0953125 0.1484375
0 0.71484375 0.1453125 0.0265625 0.05
0 0.94140625 0.34765625 0.0546875 0.0890625
0 0.36328125 0.2921875 0.0546875 0.075
0 0.246875 0.35625 0.0625 0.1
0 0.834375 0.09140625 0.028125 0.0453125
0 0.83203125 0.22578125 0.0390625 0.0671875
0 0.51953125 0.190625 0.0546875 0.065625
0 0.90703125 0.1265625 0.0296875 0.053125
0 0.88671875 0.14296875 0.0296875 0.0515625
0 0.409375 0.25625 0.05 0.0625
0 0.86875 0.05078125 0.021875 0.0390625
0 0.99296875 0.4078125 0.0109375 0.09375
0 0.85625 0.15546875 0.028125 0.0515625