0 0.66484375 0.89296875 0.1109375 0.1859375
0 0.6453125 0.38515625 0.05625 0.0890625
0 0.5578125 0.703125 0.0875 0.153125
0 0.86640625 0.90390625 0.1046875 0.1890625
0 0.21171875 0.475 0.0734375 0.103125
0 0.909375 0.68359375 0.084375 0.1453125
0 0.953125 0.47265625 0.065625 0.1109375
0 0.33984375 0.69765625 0.0890625 0.1265625
0 0.9734375 0.90546875 0.05 0.1859375
0 0.68828125 0.70546875 0.0953125 0.1296875
0 0.1390625 0.75703125 0.103125 0.1546875
0 0.91015625 0.25703125 0.0421875 0.0703125
0 0.23828125 0.83359375 0.0921875 0.1484375
0 0.48359375 0.303125 0.0515625 0.075
0 0.88203125 0.1453125 0.0296875 0.053125
0 0.2984375 0.9296875 0.109375 0.1375
0 0.87734375 0.41796875 0.0515625 0.1015625
0 0.84375 0.16796875 0.025 0.0484375
0 0.82421875 0.14453125 0.0265625 0.0484375
0 0.7984375 0.32734375 0.046875 0.0796875
0 0.721875 0.14609375 0.03125 0.0515625
0 0.52890625 0.26484375 0.0515625 0.0671875
0 0.6578125 0.28515625 0.04375 0.0578125
0 0.965625 0.13671875 0.059375 0.0703125
0 0.7796875 0.2734375 0.034375 0.0625
0 0.75546875 0.146875 0.0234375 0.04375
0 0.784375 0.19453125 0.0375 0.0515625
0 0.8453125 0.3625 0.040625 0.078125
0 0.05234375 0.9671875 0.1046875 0.0625
0 0.953125 0.1828125 0.0375 0.06875
0 0.63984375 0.2 0.0359375 0.053125
0 0.6 0.23671875 0.05 0.0609375