0 0.19609375 0.89453125 0.1109375 0.1890625
0 0.40546875 0.92421875 0.1203125 0.1484375
0 0.946875 0.4296875 0.0625 0.1125
0 0.1015625 0.6734375 0.084375 0.146875
0 0.45 0.31875 0.046875 0.08125
0 0.2734375 0.6671875 0.06875 0.134375
0 0.54296875 0.353125 0.0546875 0.0875
0 0.4234375 0.4859375 0.059375 0.103125
0 0.8078125 0.26484375 0.046875 0.0671875
0 0.2046875 0.1015625 0.028125 0.05
0 0.103484375 0.245890625 0.04134375 0.067578125
0 0.05546875 0.07421875 0.0234375 0.0421875
0 0.07403125 0.138890625 0.029328125 0.047203125
0 0.1453125 0.46171875 0.065625 0.1109375
0 0.03515625 0.15625 0.0265625 0.05
0 0.39296875 0.30546875 0.0453125 0.0765625
0 0.275 0.29140625 0.05 0.0828125
0 0.059375 0.8984375 0.103125 0.2
0 0.68359375 0.15390625 0.0328125 0.0578125
0 0.06796875 0.4078125 0.0515625 0.1
0 0.16640625 0.0328125 0.0234375 0.0375
0 0.234375 0.09453125 0.021875 0.0453125
0 0.39375 0.11328125 0.028125 0.0515625
0 0.11171875 0.07109375 0.0234375 0.0484375
0 0.7015625 0.24609375 0.040625 0.0609375
0 0.14609375 0.18046875 0.0359375 0.0578125
0 0.396875 0.21171875 0.040625 0.0578125
0 0.357421875 0.08887500000000001 0.02421875 0.040984375
0 0.23515625 0.26484375 0.0390625 0.0734375
0 0.0390625 0.35 0.04375 0.08125
0 0.329296875 0.08399999999999999 0.02109375 0.038265625
0 0.31953125 0.18984375 0.0390625 0.0609375
0 0.77109375 0.203125 0.0359375 0.071875
0 0.1046875 0.02734375 0.01875 0.0328125
0 0.13203125 0.05859375 0.0203125 0.0359375
0 0.6359375 0.64375 0.075 0.13125
0 0.7046875 0.1828125 0.03125 0.040625
0 0.1296875 0.01875 0.025 0.03125
0 0.01796875 0.134375 0.0265625 0.046875