5 0.45859375 0.3546875 0.1546875 0.225
5 0.16484375 0.39375 0.2078125 0.234375
5 0.28671875 0.17109375 0.1796875 0.2640625
5 0.46640625 0.10703125 0.1015625 0.1890625
5 0.45078125 0.19609375 0.0921875 0.1015625
4 0.83046875 0.4364375 0.0515625 0.09315625
4 0.90859375 0.45546875 0.0578125 0.0890625
4 0.730703125 0.356328125 0.04578125 0.082859375
4 0.971875 0.58515625 0.053125 0.1234375
4 0.775 0.30853125000000003 0.041140625 0.07179687500000001
4 0.6859375 0.30809375 0.0375 0.049453125
4 0.6660625 0.250046875 0.027234374999999998 0.056171875
4 0.696875 0.2421875 0.025 0.034375
4 0.738203125 0.270734375 0.037125000000000005 0.059890624999999996
2 0.61171875 0.0859375 0.0859375 0.103125
3 0.61328125 0.165625 0.0703125 0.0625
3 0.5509062499999999 0.071875 0.0455625 0.0375
5 0.423421875 0.73 0.64790625 0.539984375