5 0.20390625 0.30625 0.2078125 0.246875
5 0.09453125 0.58515625 0.1890625 0.3328125
5 0.3315 0.098375 0.112984375 0.179265625
5 0.282265625 0.18221875 0.14475 0.17385937499999998
5 0.559375 0.0421875 0.096875 0.084375
5 0.4608125 0.02834375 0.0698125 0.0566875
3 0.57890625 0.075 0.0609375 0.075
5 0.42265625 0.60396875 0.3953125 0.7889375000000001
4 0.826609375 0.318828125 0.04375 0.074828125
4 0.725390625 0.20078125 0.02578125 0.0359375
2 0.6328125 0.140625 0.11875 0.134375
2 0.47109375 0.148296875 0.13279687499999998 0.13778125000000002
5 0.049296875000000004 0.050375 0.09859375000000001 0.10075