5 0.1859375 0.434375 0.15625 0.215625
5 0.84453125 0.55 0.3078125 0.60625
5 0.5078125 0.440625 0.24375 0.38125
5 0.67109375 0.3015625 0.1609375 0.215625
3 0.08984375 0.8359375 0.1796875 0.325
5 0.278125 0.21796875 0.0875 0.1234375
5 0.5453125 0.1578125 0.075 0.1
5 0.50078125 0.13203125 0.0609375 0.0796875
5 0.496875 0.08828125 0.06875 0.0921875
3 0.26484375 0.315625 0.0921875 0.078125
3 0.14609375 0.3015625 0.0984375 0.09375
5 0.569265625 0.21196874999999998 0.073953125 0.1073125
5 0.42214062500000005 0.149984375 0.090109375 0.13753125
4 0.034375 0.47578125 0.05 0.0796875
4 0.09609375 0.425 0.0359375 0.065625
4 0.2234375 0.2265625 0.021875 0.04375
4 0.20078125 0.2234375 0.0203125 0.0375