5 0.43359375 0.42578125 0.1734375 0.2765625
5 0.62109375 0.14765625 0.0921875 0.1171875
5 0.46328125 0.18671875 0.1015625 0.1484375
5 0.297828125 0.177609375 0.14565625 0.190265625
5 0.3578125 0.044187500000000005 0.065625 0.08835937499999999
4 0.634375 0.2265625 0.03125 0.046875
4 0.78984375 0.4375 0.0515625 0.096875
4 0.90078125 0.54453125 0.0734375 0.1203125
4 0.84921875 0.63515625 0.0796875 0.1453125
4 0.7559843749999999 0.293484375 0.03525 0.066140625
4 0.8856718750000001 0.42921875 0.047390625 0.094703125
4 0.733078125 0.183078125 0.028640624999999996 0.04946875
4 0.8379375 0.346875 0.032125 0.05
4 0.725171875 0.271875 0.03159375 0.05
4 0.70390625 0.23259375000000002 0.031421875 0.0620625
4 0.8026875 0.346140625 0.044625 0.07334375
4 0.68203125 0.16796875 0.0234375 0.0390625
5 0.459375 0.08125 0.078125 0.065625
5 0.323046875 0.046875 0.08428125 0.084375