4 0.921875 0.28671875 0.01875 0.0296875
4 0.975 0.29609375 0.021875 0.0296875
5 0.6671875 0.74453125 0.653125 0.5078125
3 0.96640625 0.44609375 0.0640625 0.1046875
3 0.95546875 0.3625 0.0859375 0.08125
3 0.74609375 0.21640625 0.0359375 0.0265625
3 0.54140625 0.1828125 0.0296875 0.028125
3 0.525 0.19296875 0.034375 0.0328125
3 0.76171875 0.2234375 0.0515625 0.01875
5 0.7546875 0.34921875 0.1375 0.2421875
5 0.23671875 0.728125 0.4734375 0.540625
5 0.12421875 0.371875 0.2484375 0.20625
5 0.5125 0.42265625 0.1625 0.2109375
5 0.60546875 0.29453125 0.1203125 0.2046875
5 0.6859375 0.1609375 0.04375 0.05625
5 0.403125 0.2046875 0.053125 0.059375
5 0.83359375 0.21328125 0.0484375 0.0640625
5 0.45859375 0.20078125 0.0640625 0.0796875
5 0.28125 0.2453125 0.08671875 0.121875
2 0.8 0.15390625 0.0375 0.0453125
5 0.322265625 0.283203125 0.1015625 0.0953125
5 0.7373125 0.1998125 0.046484375 0.056625
5 0.81015625 0.1953125 0.0390625 0.053125
5 0.739453125 0.165625 0.04453125 0.043765625
5 0.159375 0.26328125 0.125 0.0515625
2 0.8282343750000001 0.16990624999999998 0.049203125 0.0463125