5 0.7015625 0.31484375 0.18125 0.2234375
5 0.23125 0.33984375 0.11875 0.1796875
5 0.5828125 0.67265625 0.275 0.3953125
5 0.4671875 0.36171875 0.171875 0.2359375
5 0.43203125 0.16875 0.1046875 0.178125
5 0.5328125 0.13828125 0.1 0.1328125
5 0.68828125 0.91484375 0.6203125 0.1671875
2 0.29296875 0.16328125 0.0765625 0.1015625
5 0.265625 0.2140625 0.1 0.13125
4 0.11015625 0.4515625 0.0390625 0.075
4 0.16640625 0.27734375 0.0234375 0.0421875
4 0.025 0.45625 0.04375 0.065625
4 0.10859375 0.40078125 0.0390625 0.0578125