1 0.80390625 0.90625 0.0828125 0.1125
1 0.62734375 0.80625 0.0671875 0.078125
1 0.79609375 0.46640625 0.0328125 0.0359375
1 0.68515625 0.50859375 0.0390625 0.0484375
1 0.97578125 0.6859375 0.0453125 0.06875
1 0.69609375 0.68125 0.0453125 0.071875
1 0.75625 0.7640625 0.065625 0.0875
1 0.55390625 0.721875 0.0640625 0.065625
1 0.04296875 0.8234375 0.0859375 0.090625
1 0.8140625 0.68125 0.05 0.0625
1 0.8890625 0.646875 0.05 0.053125
1 0.15546875 0.82109375 0.0890625 0.0890625
1 0.6296875 0.50546875 0.034375 0.0515625
1 0.94140625 0.45078125 0.0234375 0.0328125
1 0.584375 0.50078125 0.040625 0.0484375
1 0.765625 0.41484375 0.025 0.0359375
1 0.975 0.409375 0.021875 0.034375
1 0.715625 0.4765625 0.021875 0.0375
1 0.19765625 0.71640625 0.0859375 0.0765625
1 0.23125 0.6328125 0.0625 0.05
1 0.759375 0.534375 0.034375 0.053125
1 0.54921875 0.63046875 0.0484375 0.0609375
1 0.40390625 0.67890625 0.0734375 0.0578125
1 0.6890625 0.41953125 0.025 0.0359375
1 0.91484375 0.48828125 0.0265625 0.0421875
1 0.9125 0.58203125 0.034375 0.0484375
1 0.3625 0.8953125 0.09375 0.115625
1 0.6953125 0.5859375 0.05 0.053125
1 0.58828125 0.63359375 0.0484375 0.0546875
1 0.36953125 0.7984375 0.0703125 0.065625
1 0.7765625 0.6234375 0.0375 0.05625
1 0.3015625 0.884375 0.08125 0.1125
1 0.415625 0.76328125 0.071875 0.0796875
1 0.7319375 0.596 0.036140624999999996 0.067015625
1 0.302203125 0.804828125 0.078203125 0.094171875
1 0.3625 0.6828125 0.053125 0.065625