1 0.709375 0.859375 0.0875 0.178125
1 0.22421875 0.54609375 0.0578125 0.1109375
1 0.83984375 0.30078125 0.0359375 0.0765625
1 0.70625 0.52109375 0.059375 0.1046875
1 0.05703125 0.25078125 0.0515625 0.0734375
1 0.42734375 0.4 0.0328125 0.08125
1 0.725 0.33671875 0.040625 0.0828125
1 0.35390625 0.4953125 0.0515625 0.096875
1 0.67578125 0.6890625 0.0765625 0.128125
1 0.7703125 0.309375 0.0375 0.071875
1 0.39609375 0.25390625 0.0296875 0.0671875
1 0.6234375 0.2125 0.03125 0.0625
1 0.08671875 0.12734375 0.0734375 0.0515625
1 0.23359375 0.12578125 0.0203125 0.0515625
1 0.03359375 0.0484375 0.0203125 0.04375
1 0.321875 0.2515625 0.03125 0.065625
1 0.83984375 0.86953125 0.0703125 0.1671875
1 0.453125 0.1921875 0.0375 0.071875
1 0.3171875 0.16484375 0.028125 0.0515625
1 0.3890625 0.44765625 0.028125 0.0796875
1 0.2640625 0.41171875 0.040625 0.0703125
1 0.15859375 0.11640625 0.0265625 0.0546875
1 0.0625 0.4375 0.05 0.10625
1 0.91875 0.40234375 0.046875 0.0890625
1 0.6956562500000001 0.212203125 0.035859375 0.07040625
1 0.49109375 0.16212500000000002 0.02865625 0.05809375
1 0.54125 0.16396875 0.0268125 0.049109375
1 0.722234375 0.178421875 0.0375 0.07173437499999999