1 0.621875 0.92421875 0.09375 0.1484375
1 0.321875 0.61484375 0.059375 0.1015625
1 0.840625 0.67890625 0.06875 0.1171875
1 0.57578125 0.5953125 0.0546875 0.1125
1 0.45390625 0.61953125 0.0609375 0.1046875
1 0.94140625 0.74375 0.0578125 0.13125
1 0.41171875 0.484375 0.0515625 0.0875
1 0.60234375 0.42578125 0.0421875 0.0765625
1 0.478125 0.2671875 0.03125 0.053125
1 0.5265625 0.43359375 0.040625 0.0671875
1 0.8171875 0.5125 0.04375 0.084375
1 0.77109375 0.43125 0.0390625 0.071875
1 0.71015625 0.42734375 0.0390625 0.0703125
1 0.91328125 0.5484375 0.0546875 0.084375
1 0.7546875 0.34296875 0.0375 0.0640625
1 0.4265625 0.26171875 0.028125 0.0546875
1 0.26640625 0.2828125 0.0265625 0.059375
1 0.67265625 0.34765625 0.0359375 0.0640625
1 0.8578125 0.56328125 0.065625 0.0671875
1 0.36015625 0.33203125 0.0328125 0.0671875
1 0.221875 0.5703125 0.05625 0.14375
1 0.4421875 0.425 0.034375 0.078125
1 0.621875 0.34375 0.0375 0.065625
1 0.98359375 0.69140625 0.0296875 0.0984375
1 0.0671875 0.3984375 0.03125 0.065625
1 0.03984375 0.43046875 0.0390625 0.0765625