5 0.725171875 0.31953125 0.171515625 0.1984375
5 0.4578125 0.1953125 0.146875 0.271875
5 0.41212499999999996 0.78828125 0.46325000000000005 0.4203125
5 0.29196875 0.1671875 0.143328125 0.196875
5 0.6300625 0.1700625 0.086734375 0.105375
5 0.333578125 0.11185937500000001 0.113453125 0.16121875000000002
5 0.620203125 0.11328125 0.109578125 0.1296875
5 0.881171875 0.6875 0.23765624999999999 0.625
4 0.8658906249999999 0.252828125 0.031625 0.04946875
4 0.69375 0.20234375 0.028125 0.0390625
4 0.874171875 0.351703125 0.04684375 0.062234374999999995
5 0.46396875 0.034687499999999996 0.087671875 0.061890625
3 0.63671875 0.26015625 0.0515625 0.0765625