5 0.7240624999999999 0.3171875 0.17081249999999998 0.196875
5 0.293015625 0.16640625 0.14540625000000001 0.1921875
5 0.8432812500000001 0.588171875 0.3103125 0.68615625
5 0.4578125 0.1484375 0.1375 0.184375
5 0.45014062499999996 0.617078125 0.420453125 0.7658437499999999
5 0.33332812500000003 0.11171875 0.11665624999999999 0.1609375
5 0.11896875 0.634375 0.237921875 0.73125
5 0.627140625 0.16171875 0.086328125 0.1015625
5 0.6171875 0.11171875 0.109375 0.1296875
4 0.6988125000000001 0.19137500000000002 0.030406250000000003 0.056640625
4 0.74790625 0.20550000000000002 0.031093749999999996 0.03275
4 0.7259218749999999 0.192609375 0.02203125 0.038671875
3 0.64296875 0.2375 0.0765625 0.075