1 0.87890625 0.609375 0.0671875 0.125
1 0.70078125 0.603125 0.0671875 0.128125
1 0.778125 0.76015625 0.06875 0.1484375
1 0.7859375 0.26171875 0.034375 0.0734375
1 0.6484375 0.74765625 0.075 0.1609375
1 0.32890625 0.42734375 0.0515625 0.0984375
1 0.55078125 0.3875 0.0515625 0.090625
1 0.42421875 0.16796875 0.0359375 0.0640625
1 0.0515625 0.24921875 0.040625 0.0703125
1 0.62265625 0.43203125 0.0640625 0.1109375
1 0.6609375 0.2859375 0.040625 0.078125
1 0.9796875 0.59296875 0.0375 0.1265625
1 0.39921875 0.3390625 0.0296875 0.071875
1 0.7140625 0.265625 0.034375 0.06875
1 0.0734375 0.34296875 0.040625 0.0890625
1 0.215625 0.10546875 0.021875 0.0484375
1 0.2640625 0.3328125 0.040625 0.0875
1 0.6265625 0.17421875 0.0375 0.0640625
1 0.9625 0.35390625 0.04375 0.0890625
1 0.5984375 0.584375 0.05 0.115625
1 0.37109375 0.215625 0.0328125 0.06875
1 0.56640625 0.1734375 0.0359375 0.065625
1 0.3453125 0.11171875 0.025 0.0515625
1 0.3 0.209375 0.034375 0.071875
1 0.3046875 0.1453125 0.034375 0.05
1 0.46157812500000006 0.1438125 0.034546875 0.056171875
1 0.535421875 0.146171875 0.028984375 0.047703125
1 0.1508125 0.09440625 0.031796875 0.059296875000000006