1 0.5296875 0.9453125 0.103125 0.10625
1 0.7765625 0.70390625 0.065625 0.1203125
1 0.06484375 0.53515625 0.0578125 0.0953125
1 0.91328125 0.6859375 0.0828125 0.11875
1 0.43984375 0.58671875 0.0515625 0.0984375
1 0.37265625 0.3765625 0.0359375 0.071875
1 0.54296875 0.75859375 0.0734375 0.1015625
1 0.52734375 0.57109375 0.0484375 0.1015625
1 0.3078125 0.5015625 0.05 0.096875
1 0.690625 0.484375 0.046875 0.0875
1 0.6421875 0.61875 0.05625 0.1125
1 0.5953125 0.59296875 0.04375 0.0984375
1 0.87109375 0.45234375 0.0484375 0.1109375
1 0.7859375 0.51484375 0.05 0.0890625
1 0.75 0.584375 0.053125 0.09375
1 0.48359375 0.48828125 0.0453125 0.0953125
1 0.03203125 0.3234375 0.0265625 0.0625
1 0.6203125 0.4796875 0.046875 0.0625
1 0.2265625 0.26796875 0.028125 0.0578125
1 0.7484375 0.4328125 0.040625 0.078125
1 0.91015625 0.5546875 0.0703125 0.08125
1 0.44140625 0.3875 0.0296875 0.065625
1 0.4140625 0.490625 0.053125 0.1125