4 0.198046875 0.240625 0.01484375 0.025
3 0.3296875 0.19765625 0.046875 0.0359375
3 0.26875 0.22265625 0.05625 0.0453125
5 0.546875 0.46953125 0.303125 0.4234375
5 0.0328125 0.35234375 0.065625 0.1484375
5 0.764671875 0.297859375 0.11945312500000001 0.22673437500000002
5 0.9375 0.32734375 0.1 0.1328125
5 0.471875 0.15078125 0.0625 0.0703125
5 0.133984375 0.35078125 0.16171875 0.1421875
5 0.418359375 0.174421875 0.0859375 0.087890625
5 0.8520625000000001 0.20168750000000002 0.0515625 0.06875
5 0.6625 0.1609375 0.053125 0.06875
5 0.9828125 0.525 0.03125 0.2375
5 0.5421875 0.21796875 0.0921875 0.134375
5 0.70625 0.15 0.05 0.075
2 0.6350156250000001 0.20134375000000002 0.08671875 0.064828125
5 0.74296875 0.13359375 0.0328125 0.0484375
5 0.6175312500000001 0.2463125 0.08428125 0.07815625000000001
4 0.11403125 0.26551562500000003 0.030421874999999998 0.034546875