5 0.1234375 0.490625 0.246875 0.46875
5 0.3015625 0.1734375 0.084375 0.11875
5 0.44995312500000006 0.21675 0.15234375 0.30625
5 0.330421875 0.1015625 0.08896875 0.109375
5 0.3421875 0.6859375 0.578125 0.625
5 0.51484375 0.028125 0.0546875 0.05625
4 0.87109375 0.478125 0.0546875 0.090625
4 0.7078125 0.189453125 0.025 0.04921875
4 0.66484375 0.136984375 0.0203125 0.032296875
4 0.64296875 0.10321875 0.0203125 0.034187499999999996
2 0.584375 0.08125 0.090625 0.1
2 0.45720312500000004 0.03659375 0.076734375 0.061203125000000004