5 0.6609375 0.275 0.221875 0.30625
5 0.50546875 0.66953125 0.4828125 0.6421875
5 0.45625 0.26875 0.09375 0.1375
5 0.225 0.38515625 0.14375 0.2203125
5 0.4859375 0.0921875 0.065625 0.0875
5 0.29140625 0.1796875 0.0828125 0.103125
5 0.5375 0.20625 0.0375 0.1
3 0.88359375 0.66328125 0.2296875 0.2109375
5 0.263078125 0.242828125 0.08009374999999999 0.117453125
3 0.5140625 0.15546875 0.05625 0.0546875
5 0.41789062499999996 0.12376562499999999 0.05796875 0.08060937500000001
4 0.0109375 0.4609375 0.021875 0.09375
4 0.121875 0.64765625 0.0625 0.1140625
4 0.04921875 0.353125 0.0359375 0.0625
4 0.134375 0.390625 0.040625 0.0625
4 0.07265625 0.46328125 0.0421875 0.0671875
4 0.153125 0.25 0.021875 0.040625
4 0.04609375 0.53671875 0.0578125 0.0765625
4 0.19609375 0.26015625 0.0234375 0.0421875
4 0.05546875 0.621875 0.0640625 0.1125