5 0.903125 0.7390625 0.190625 0.51875
5 0.7125 0.35203125 0.140625 0.164671875
5 0.5484843749999999 0.6316875 0.328515625 0.49709375
5 0.25546875 0.24921875 0.0953125 0.1296875
5 0.14453125 0.5328125 0.2203125 0.31875
5 0.48984375 0.0984375 0.0671875 0.09375
5 0.44375 0.18828125 0.11875 0.0515625
5 0.17421875 0.3484375 0.1359375 0.06875
5 0.620640625 0.249734375 0.09440625 0.12446874999999999
5 0.4546875 0.3234375 0.159375 0.24375
4 0.0453125 0.4796875 0.040625 0.075
4 0.20078125 0.259375 0.0234375 0.040625
3 0.23203125 0.31640625 0.0984375 0.0984375
5 0.55546875 0.190625 0.0734375 0.071875
5 0.41340625 0.10378125 0.06528125 0.10623437499999999
5 0.3 0.17109375 0.059375 0.0640625