5 0.1389375 0.383875 0.277859375 0.29112499999999997
5 0.07421875 0.69921875 0.1484375 0.3953125
5 0.230328125 0.25078125 0.18275 0.2203125
5 0.6159687500000001 0.09453125 0.108671875 0.1328125
5 0.46328125 0.08359375 0.1109375 0.0859375
5 0.39921875 0.63671875 0.5390625 0.7234375
5 0.2955 0.13590625 0.159734375 0.1984375
4 0.75234375 0.23203125 0.0328125 0.0359375
4 0.71046875 0.21926562500000002 0.033796875 0.053265625000000004
3 0.62578125 0.1515625 0.0890625 0.10625
2 0.8390625 0.43359375 0.31875 0.3703125
2 0.4796875 0.22578125 0.190625 0.1359375