5 0.58671875 0.20703125 0.1109375 0.1390625
5 0.24375 0.321875 0.1125 0.18125
5 0.4703125 0.323421875 0.196875 0.353171875
5 0.290625 0.19453125 0.065625 0.0890625
3 0.75 0.4015625 0.1 0.146875
5 0.11796875 0.68203125 0.2359375 0.6359375
5 0.87109375 0.5656718749999999 0.2578125 0.459484375
5 0.5015625 0.1125 0.078125 0.10625
5 0.70390625 0.71015625 0.5921875 0.5796875
5 0.50625 0.440625 0.2125 0.11875
2 0.2015625 0.2609375 0.121875 0.184375
4 0.11484375 0.28515625 0.0328125 0.0515625
4 0.09609375 0.33359375 0.0359375 0.0546875
4 0.11328125 0.34453125 0.0421875 0.0453125