1 0.5109375 0.8234375 0.071875 0.1375
1 0.6984375 0.8671875 0.071875 0.128125
1 0.85390625 0.73515625 0.0671875 0.1234375
1 0.88984375 0.54609375 0.0609375 0.0953125
1 0.3796875 0.6140625 0.06875 0.109375
1 0.68359375 0.478125 0.0421875 0.084375
1 0.4671875 0.57421875 0.05625 0.0984375
1 0.7984375 0.54296875 0.053125 0.0953125
1 0.21640625 0.5703125 0.0671875 0.14375
1 0.25078125 0.4015625 0.0390625 0.08125
1 0.78828125 0.37421875 0.0359375 0.0859375
1 0.5796875 0.4546875 0.04375 0.0875
1 0.72890625 0.4 0.0515625 0.084375
1 0.365625 0.45 0.04375 0.078125
1 0.2890625 0.37734375 0.040625 0.0734375
1 0.225 0.178125 0.021875 0.040625
1 0.34609375 0.31484375 0.0328125 0.0609375
1 0.89609375 0.89296875 0.0703125 0.1359375
1 0.63125 0.425 0.034375 0.078125
1 0.65625 0.37421875 0.0375 0.0671875
1 0.459375 0.4375 0.040625 0.06875