1 0.67109375 0.77109375 0.0390625 0.0734375
1 0.4765625 0.77890625 0.0375 0.0796875
1 0.878125 0.68984375 0.028125 0.0578125
1 0.5546875 0.58046875 0.03125 0.0453125
1 0.1875 0.91171875 0.025 0.0671875
1 0.75625 0.57890625 0.021875 0.0453125
1 0.7015625 0.6609375 0.028125 0.059375
1 0.503125 0.96796875 0.04375 0.0609375
1 0.5765625 0.77734375 0.028125 0.0671875
1 0.84453125 0.603125 0.0203125 0.034375
1 0.665625 0.5140625 0.0125 0.03125
1 0.95546875 0.59921875 0.0703125 0.0421875
1 0.8125 0.63359375 0.025 0.0546875
1 0.81484375 0.5296875 0.0140625 0.028125
1 0.70078125 0.58125 0.0234375 0.04375
1 0.909375 0.66484375 0.03125 0.0578125
1 0.71746875 0.52734375 0.025234374999999996 0.042828125