5 0.151296875 0.5140625 0.30259375 0.684375
5 0.4609375 0.2328125 0.16875 0.278125
5 0.6841875 0.23984375 0.131625 0.1609375
5 0.34631249999999997 0.05546875 0.08010937500000001 0.1109375
5 0.639921875 0.16015625 0.08990625 0.1171875
5 0.53125 0.0265625 0.046875 0.053125
5 0.37115624999999997 0.8828125 0.3858125 0.23125
5 0.46775 0.071875 0.10198437499999999 0.065625
4 0.9060312500000001 0.5773906249999999 0.059796875000000006 0.11082812500000001
4 0.8046875 0.291453125 0.034375 0.06590625
4 0.916390625 0.43674999999999997 0.051609375 0.098375
4 0.9667031250000001 0.513859375 0.06346874999999999 0.10979687499999999
4 0.582109375 0.094328125 0.016421875 0.027875
4 0.551375 0.058859375000000005 0.018359375 0.02878125
3 0.7484375 0.403125 0.140625 0.11875
3 0.246875 0.09375 0.059375 0.05