1 0.31015625 0.946875 0.0859375 0.103125
1 0.03046875 0.859375 0.0609375 0.121875
1 0.15703125 0.5921875 0.0484375 0.1
1 0.50625 0.68046875 0.059375 0.1203125
1 0.39921875 0.72578125 0.0640625 0.1265625
1 0.5828125 0.64921875 0.0375 0.1046875
1 0.2765625 0.57890625 0.053125 0.0984375
1 0.6921875 0.6484375 0.05625 0.1125
1 0.4015625 0.54921875 0.053125 0.0828125
1 0.45234375 0.53203125 0.0453125 0.0921875
1 0.63671875 0.30859375 0.0328125 0.0578125
1 0.92578125 0.3828125 0.0453125 0.075
1 0.93125 0.66640625 0.05625 0.1140625
1 0.81171875 0.69921875 0.0515625 0.1078125
1 0.76953125 0.64375 0.0484375 0.10625
1 0.859375 0.65703125 0.046875 0.1078125
1 0.74140625 0.4 0.0328125 0.071875
1 0.52421875 0.5375 0.0453125 0.090625
1 0.6203125 0.47265625 0.04375 0.0796875
1 0.68046875 0.32890625 0.0359375 0.0609375
1 0.41484375 0.4328125 0.0453125 0.08125
1 0.5046875 0.4375 0.034375 0.071875
1 0.51328125 0.31171875 0.0328125 0.0640625
1 0.8171875 0.3640625 0.04375 0.06875
1 0.58671875 0.30625 0.0390625 0.065625
1 0.4375 0.3703125 0.040625 0.0625