5 0.5890625 0.19140625 0.171875 0.2046875
5 0.74140625 0.38671875 0.2984375 0.3390625
5 0.1265625 0.52890625 0.203125 0.2921875
5 0.92578125 0.68828125 0.1453125 0.4359375
5 0.41796875 0.321875 0.1578125 0.1875
5 0.521875 0.46328125 0.18125 0.2609375
2 0.47265625 0.2421875 0.1328125 0.1875
2 0.24156249999999999 0.24828125 0.123125 0.180953125
5 0.28828125 0.1828125 0.0765625 0.096875
5 0.4328125 0.17109375 0.08125 0.0859375
3 0.5828125 0.89609375 0.284375 0.2046875
4 0.1265625 0.3265625 0.03125 0.053125