5 0.13046875 0.521875 0.2578125 0.4125
5 0.46171875 0.0703125 0.0453125 0.071875
5 0.571875 0.18390625 0.109375 0.12592187500000002
5 0.2953125 0.188078125 0.078125 0.10198437499999999
5 0.55128125 0.43428125 0.263078125 0.49393750000000003
4 0.1734375 0.2796875 0.03125 0.05
4 0.20703125 0.2328125 0.0234375 0.0375
3 0.28125 0.3875 0.075 0.115625
5 0.26065625 0.2496875 0.0818125 0.12562500000000001
5 0.43671875 0.21015625 0.0984375 0.1078125
5 0.42201562499999995 0.13078125000000002 0.07334375 0.074359375
5 0.48726562500000004 0.10601562499999999 0.050546875000000005 0.059453124999999996