1 0.2375 0.928125 0.05625 0.096875
1 0.35078125 0.91015625 0.0546875 0.1015625
1 0.7421875 0.88203125 0.05625 0.0921875
1 0.4671875 0.7828125 0.05 0.08125
1 0.4171875 0.78984375 0.046875 0.0828125
1 0.17734375 0.7015625 0.0359375 0.071875
1 0.79921875 0.8578125 0.0546875 0.09375
1 0.60625 0.69453125 0.04375 0.0703125
1 0.39140625 0.503125 0.0203125 0.040625
1 0.41953125 0.96484375 0.0703125 0.0671875
1 0.69765625 0.74296875 0.0421875 0.0703125
1 0.23125 0.70234375 0.034375 0.0734375
1 0.33203125 0.67890625 0.0328125 0.0671875
1 0.39296875 0.628125 0.0359375 0.05625
1 0.20234375 0.59765625 0.0265625 0.0546875
1 0.2703125 0.68671875 0.0375 0.0703125
1 0.115625 0.61171875 0.034375 0.0609375
1 0.4640625 0.66328125 0.0375 0.0546875
1 0.44765625 0.5421875 0.0234375 0.040625
1 0.35390625 0.52890625 0.0265625 0.0453125
1 0.1296875 0.49765625 0.021875 0.0390625
1 0.303125 0.56328125 0.028125 0.0484375
1 0.36484375 0.59453125 0.0234375 0.0484375
1 0.1015625 0.55546875 0.021875 0.0453125
1 0.51328125 0.6140625 0.0296875 0.05
1 0.425 0.58515625 0.025 0.0515625
1 0.16015625 0.60703125 0.0328125 0.0546875
1 0.22734375 0.4875 0.0203125 0.0375
1 0.4484375 0.61328125 0.03125 0.0515625
1 0.1453125 0.5546875 0.01875 0.0375
1 0.25546875 0.48828125 0.0171875 0.0359375
1 0.31015625 0.4890625 0.0171875 0.0375
1 0.16796875 0.47421875 0.0171875 0.0328125