5 0.07421875 0.8 0.1484375 0.396875
5 0.9375 0.73828125 0.121875 0.5203125
5 0.18515625 0.3828125 0.1359375 0.221875
5 0.66640625 0.26640625 0.2171875 0.2921875
5 0.6390625 0.790625 0.490625 0.415625
5 0.260046875 0.26015625 0.104453125 0.1453125
5 0.465625 0.28125 0.11875 0.1125
5 0.39253125 0.593359375 0.3100625 0.5179843749999999
5 0.525 0.1375 0.078125 0.10625
5 0.5031718749999999 0.43754687499999995 0.159453125 0.26882812500000003
4 0.028125 0.50703125 0.046875 0.0890625
4 0.09140625 0.41484375 0.0390625 0.0640625
4 0.10859375 0.3046875 0.0296875 0.046875
4 0.02421875 0.44609375 0.0390625 0.0515625
5 0.419703125 0.1103125 0.06690625 0.08785937499999999
5 0.310109375 0.145953125 0.051437500000000004 0.081171875
5 0.481140625 0.09131249999999999 0.05134375 0.06578125
5 0.45487500000000003 0.19624999999999998 0.10703125 0.070375