5 0.114421875 0.6484375 0.22884375 0.7
5 0.44921875 0.47267187499999996 0.2828125 0.585890625
4 0.9109375 0.6046875 0.075 0.1375
4 0.80565625 0.345109375 0.045671875 0.075421875
4 0.9009375000000001 0.426640625 0.050624999999999996 0.097953125
4 0.7671875 0.26015625 0.025 0.0453125
2 0.274515625 0.05078125 0.094671875 0.1015625
2 0.684375 0.246875 0.14375 0.1625
5 0.36015625 0.03671875 0.0546875 0.0734375
5 0.573765625 0.078125 0.06185937500000001 0.08125
5 0.61875 0.14375 0.084375 0.1125
5 0.4495 0.105578125 0.095890625 0.165578125
5 0.59484375 0.11390625000000001 0.067203125 0.0796875
3 0.13515625 0.0234375 0.0390625 0.040625