5 0.6375 0.2578125 0.184375 0.26875
5 0.828125 0.4609375 0.2875 0.334375
5 0.1130625 0.6719999999999999 0.226125 0.43546874999999996
5 0.51328125 0.12265625 0.0984375 0.1359375
5 0.7015625 0.75546875 0.59375 0.4859375
5 0.5203125 0.4640625 0.25625 0.16875
5 0.47623437500000004 0.35009375 0.208703125 0.39045312499999996
3 0.2578125 0.3375 0.1 0.0875
3 0.21953125 0.41796875 0.1203125 0.1078125
5 0.28359375 0.20423437500000002 0.0765625 0.11654687500000001
4 0.1546875 0.35859375 0.034375 0.0546875
4 0.21328125 0.215625 0.0203125 0.034375
4 0.190625 0.29375 0.03125 0.05
4 0.09453125 0.39765625 0.0421875 0.0421875
4 0.25546875 0.14296875 0.0171875 0.0265625
4 0.17890625 0.2578125 0.0265625 0.040625
4 0.1203125 0.325 0.025 0.046875
4 0.1328125 0.29921875 0.028125 0.0453125