5 0.7828125 0.421875 0.215625 0.2625
5 0.26728125 0.2109375 0.134546875 0.1625
5 0.6580781250000001 0.18203125 0.102578125 0.1328125
5 0.93046875 0.871875 0.1359375 0.253125
5 0.31328125 0.10546875 0.1046875 0.1828125
5 0.45703125 0.05896875 0.0609375 0.0804375
5 0.457984375 0.308171875 0.204859375 0.352421875
5 0.6052187499999999 0.11015625 0.0708125 0.0953125
5 0.56821875 0.06171875 0.057296875000000004 0.0734375
5 0.35625 0.04921875 0.065625 0.0890625
4 0.94765625 0.5890625 0.0515625 0.084375
4 0.96875 0.7125 0.059375 0.084375
4 0.69453125 0.2796875 0.0328125 0.046875
4 0.73515625 0.2578125 0.0234375 0.0375
4 0.671875 0.26015625 0.025 0.0453125
4 0.906265625 0.504015625 0.043734375 0.105484375
2 0.13671875 0.48359375 0.2734375 0.5015625
3 0.51321875 0.546875 0.154546875 0.215625