1 0.875 0.41953125 0.040625 0.0890625
1 0.5875 0.33984375 0.04375 0.0828125
1 0.75859375 0.34140625 0.0421875 0.0890625
1 0.6671875 0.34140625 0.040625 0.0828125
1 0.753125 0.15703125 0.025 0.0515625
1 0.6859375 0.2359375 0.021875 0.059375
1 0.53984375 0.18984375 0.0328125 0.0640625
1 0.959375 0.26171875 0.05 0.0734375
1 0.409375 0.3640625 0.028125 0.065625
1 0.47734375 0.19140625 0.0296875 0.0640625
1 0.54375 0.29921875 0.04375 0.0796875
1 0.79140625 0.23046875 0.0296875 0.0640625
1 0.29140625 0.04296875 0.0265625 0.0484375
1 0.8046875 0.109375 0.03125 0.053125
1 0.65390625 0.7265625 0.0328125 0.11875
1 0.8796875 0.11015625 0.025 0.0453125
1 0.8796875 0.303125 0.040625 0.0625
1 0.42578125 0.16796875 0.0328125 0.0640625
1 0.70078125 0.17734375 0.0203125 0.0484375
1 0.50234375 0.72890625 0.0390625 0.1140625