1 0.421875 0.93046875 0.075 0.1359375
1 0.78828125 0.659375 0.0484375 0.109375
1 0.5015625 0.66171875 0.040625 0.1046875
1 0.05625 0.73515625 0.084375 0.1234375
1 0.9640625 0.66171875 0.046875 0.1078125
1 0.6859375 0.64140625 0.05625 0.1046875
1 0.74765625 0.446875 0.0359375 0.078125
1 0.234375 0.45 0.04375 0.08125
1 0.26328125 0.37890625 0.0265625 0.0671875
1 0.34375 0.5625 0.03125 0.075
1 0.49375 0.3296875 0.025 0.053125
1 0.30234375 0.2984375 0.0296875 0.059375
1 0.86171875 0.42578125 0.0328125 0.0765625
1 0.63515625 0.4484375 0.0265625 0.059375
1 0.91953125 0.60078125 0.0515625 0.1046875
1 0.4140625 0.3296875 0.021875 0.053125
1 0.38515625 0.30625 0.0265625 0.05625
1 0.60859375 0.415625 0.0265625 0.065625
1 0.32109375 0.4453125 0.0359375 0.078125
1 0.85703125 0.63515625 0.0265625 0.0921875
1 0.18828125 0.38125 0.0390625 0.065625
1 0.8296875 0.61015625 0.03125 0.0796875
1 0.15126562500000001 0.673140625 0.082875 0.18496875
1 0.5828125 0.6046875 0.05 0.096875