1 0.71640625 0.68046875 0.0265625 0.0609375
1 0.56953125 0.86015625 0.0390625 0.0828125
1 0.8625 0.65 0.025 0.053125
1 0.18671875 0.909375 0.0265625 0.065625
1 0.63515625 0.68203125 0.0265625 0.0609375
1 0.83359375 0.58671875 0.0234375 0.0484375
1 0.53125 0.6734375 0.025 0.0625
1 0.55625 0.5796875 0.028125 0.04375
1 0.77265625 0.5546875 0.0171875 0.040625
1 0.95703125 0.59296875 0.0703125 0.0421875
1 0.61953125 0.903125 0.0359375 0.084375
1 0.34765625 0.7734375 0.0546875 0.084375
1 0.69296875 0.51796875 0.0171875 0.0359375
1 0.7203125 0.55703125 0.015625 0.0359375
1 0.90625 0.63828125 0.025 0.0546875
1 0.2640625 0.8125 0.05 0.090625
1 0.7390625 0.6046875 0.025 0.05
1 0.86209375 0.576765625 0.02284375 0.050203125
1 0.912171875 0.5620625 0.025312499999999998 0.04978125