5 0.434375 0.52890625 0.209375 0.3390625
5 0.32378125 0.16328125 0.131953125 0.1953125
5 0.1265625 0.64609375 0.253125 0.7046875
5 0.49296875 0.271875 0.1078125 0.159375
5 0.44140625 0.853125 0.3828125 0.290625
5 0.467234375 0.191015625 0.11571875000000001 0.196078125
4 0.7671875 0.52421875 0.059375 0.1171875
4 0.96484375 0.52890625 0.0578125 0.0859375
4 0.9305937500000001 0.60865625 0.06692187499999999 0.138953125
4 0.8640625 0.67890625 0.08125 0.1515625
4 0.641390625 0.13092187500000002 0.02346875 0.03184375
2 0.78359375 0.30234375 0.2390625 0.2515625
3 0.45301562500000003 0.34103125 0.140234375 0.046390625000000005
4 0.5830625 0.108203125 0.01925 0.027078124999999998
4 0.9190781250000001 0.40459375 0.02971875 0.055343750000000004
5 0.45415625000000004 0.085671875 0.08301562500000001 0.14346874999999998