5 0.62734375 0.23515625 0.1296875 0.1765625
5 0.1421875 0.49921875 0.24375 0.3390625
5 0.842171875 0.5478125 0.31253125000000004 0.635625
2 0.23515625 0.290625 0.1515625 0.175
5 0.4484375 0.2234375 0.1125 0.134375
5 0.6355000000000001 0.64765625 0.48839062499999997 0.7015781249999999
5 0.28359375 0.16484375 0.0953125 0.1234375
5 0.51171875 0.10625 0.0765625 0.096875
5 0.52421875 0.14140625 0.0734375 0.0984375
5 0.4578125 0.06328125 0.04375 0.0640625
5 0.42109375 0.1578125 0.0671875 0.1
4 0.01953125 0.4875 0.0390625 0.078125
3 0.0609375 0.884375 0.121875 0.228125