4 0.0609375 0.10625 0.021875 0.0375
4 0.16875 0.0734375 0.021875 0.034375
4 0.12890625 0.078125 0.0203125 0.034375
4 0.1890625 0.05078125 0.015625 0.0359375
2 0.41875 0.36015625 0.328125 0.3921875
5 0.29921875 0.078125 0.1078125 0.128125
3 0.1515625 0.76015625 0.303125 0.2671875
3 0.746875 0.13125 0.075 0.034375
5 0.75859375 0.36171875 0.2421875 0.4328125
5 0.7640625 0.06640625 0.090625 0.1328125
5 0.553125 0.17890625 0.190625 0.2734375
5 0.646875 0.8609375 0.59375 0.275
5 0.97109375 0.2515625 0.0546875 0.171875
5 0.9453125 0.15078125 0.10625 0.1609375
5 0.62578125 0.078125 0.0984375 0.1375
5 0.91015625 0.07421875 0.0703125 0.0953125
5 0.403484375 0.021578125 0.051515624999999995 0.043140625