5 0.61015625 0.209375 0.1484375 0.2125
5 0.0421875 0.3484375 0.084375 0.1625
5 0.09453125 0.7453125 0.1890625 0.453125
5 0.49945312499999994 0.439484375 0.27609374999999997 0.45540624999999996
5 0.5 0.1109375 0.084375 0.11564062500000001
5 0.446875 0.19375 0.125 0.153125
5 0.27265625 0.209375 0.0765625 0.096875
5 0.18359375 0.390625 0.1703125 0.24375
4 0.21640625 0.2328125 0.0234375 0.04375
3 0.26640625 0.30703125 0.0703125 0.0953125
3 0.2796875 0.2609375 0.078125 0.075
5 0.599 0.809015625 0.43460937499999996 0.38196875
2 0.28765625 0.071609375 0.05378125 0.052328125
5 0.3120625 0.134609375 0.057609375 0.08190625
5 0.2976875 0.18256250000000002 0.058437499999999996 0.08103125
5 0.42000000000000004 0.1006875 0.075078125 0.042890625