1 0.61484375 0.83515625 0.0828125 0.1421875
1 0.74375 0.840625 0.071875 0.13125
1 0.34765625 0.859375 0.0609375 0.140625
1 0.65703125 0.45078125 0.0359375 0.0796875
1 0.73203125 0.5171875 0.0265625 0.06875
1 0.571875 0.65625 0.06875 0.1125
1 0.83359375 0.51875 0.0328125 0.078125
1 0.95625 0.74375 0.084375 0.121875
1 0.8328125 0.34140625 0.025 0.0640625
1 0.975 0.4015625 0.046875 0.075
1 0.97734375 0.53515625 0.0421875 0.0796875
1 0.7078125 0.4015625 0.040625 0.075
1 0.79609375 0.40234375 0.0390625 0.0765625
1 0.075 0.5890625 0.078125 0.103125
1 0.25625 0.478125 0.046875 0.090625
1 0.5 0.4515625 0.04375 0.08125
1 0.30625 0.49765625 0.053125 0.0609375
1 0.471875 0.35546875 0.040625 0.0671875
1 0.578125 0.4078125 0.0375 0.071875