1 0.59609375 0.88828125 0.0796875 0.1484375
1 0.3640625 0.7765625 0.071875 0.128125
1 0.24140625 0.78203125 0.0546875 0.1109375
1 0.2703125 0.48828125 0.040625 0.0765625
1 0.54921875 0.74140625 0.0640625 0.1234375
1 0.7515625 0.50625 0.04375 0.0875
1 0.86875 0.5140625 0.046875 0.0875
1 0.66171875 0.5109375 0.0359375 0.084375
1 0.70703125 0.38203125 0.0359375 0.0671875
1 0.5078125 0.35625 0.040625 0.06875
1 0.503125 0.54140625 0.046875 0.0984375
1 0.815625 0.4796875 0.0375 0.084375
1 0.9265625 0.48359375 0.040625 0.0859375
1 0.63125 0.4296875 0.040625 0.071875
1 0.3640625 0.4359375 0.03125 0.075
1 0.96875 0.465625 0.046875 0.084375
1 0.7765625 0.31875 0.03125 0.059375
1 0.5421875 0.490625 0.040625 0.084375
1 0.56328125 0.4203125 0.0453125 0.075
1 0.43671875 0.52109375 0.0546875 0.0796875
1 0.4046875 0.4734375 0.046875 0.08125
1 0.8484375 0.29921875 0.03125 0.0640625
1 0.5734375 0.2734375 0.03125 0.05
1 0.9484375 0.29296875 0.03125 0.0578125