5 0.86015625 0.64609375 0.2765625 0.7046875
5 0.67734375 0.31171875 0.1828125 0.2390625
5 0.23203125 0.37890625 0.1703125 0.1765625
5 0.40078125 0.3109375 0.1421875 0.178125
5 0.496875 0.35234375 0.121875 0.1359375
5 0.571875 0.19765625 0.0875 0.1109375
5 0.0375 0.90546875 0.075 0.1859375
5 0.44140625 0.1921875 0.1046875 0.153125
5 0.28984375 0.20390625 0.0828125 0.1109375
5 0.528125 0.14453125 0.08125 0.0828125
5 0.49375 0.09375 0.059375 0.078125
5 0.575 0.6109375 0.28125 0.45
4 0.02265625 0.37890625 0.0390625 0.0640625
4 0.19453125 0.26875 0.0265625 0.05
3 0.14375 0.65625 0.190625 0.196875
5 0.12168749999999999 0.299875 0.07668749999999999 0.115890625
3 0.721875 0.95234375 0.309375 0.0921875
3 0.26340625 0.258453125 0.07821875 0.0739375