5 0.73125 0.37578125 0.16875 0.2359375
5 0.6109375 0.22421875 0.175 0.1859375
5 0.93046875 0.73984375 0.1359375 0.4515625
5 0.47734375 0.28984375 0.1515625 0.2296875
5 0.2296875 0.36328125 0.146875 0.2046875
5 0.090625 0.6484375 0.18125 0.4
5 0.52578125 0.12734375 0.0796875 0.1015625
5 0.09453125 0.371875 0.1015625 0.134375
5 0.484375 0.0765625 0.071875 0.06875
5 0.43515625 0.20859375 0.1109375 0.2046875
5 0.29609375 0.18984375 0.0796875 0.1140625
3 0.1734375 0.509375 0.121875 0.1625
3 0.26875 0.26171875 0.084375 0.0828125
4 0.0109375 0.35234375 0.021875 0.0640625
4 0.12265625 0.2796875 0.0234375 0.046875
4 0.0796875 0.29765625 0.0375 0.0328125