1 0.32265625 0.90234375 0.0734375 0.1703125
1 0.40390625 0.45703125 0.0421875 0.1171875
1 0.29375 0.5140625 0.053125 0.1125
1 0.6453125 0.328125 0.040625 0.084375
1 0.5203125 0.35390625 0.0375 0.0828125
1 0.58828125 0.3359375 0.0453125 0.1
1 0.18828125 0.6375 0.0578125 0.125
1 0.74453125 0.60703125 0.0484375 0.0921875
1 0.971875 0.83828125 0.053125 0.1640625
1 0.790625 0.55546875 0.04375 0.0984375
1 0.93125 0.27421875 0.028125 0.0671875
1 0.68984375 0.2921875 0.0296875 0.071875
1 0.32578125 0.19609375 0.0203125 0.0640625
1 0.82890625 0.33359375 0.0390625 0.0921875
1 0.3703125 0.2890625 0.03125 0.078125
1 0.79375 0.3546875 0.046875 0.090625
1 0.06640625 0.81171875 0.1078125 0.1640625
1 0.45 0.2609375 0.0375 0.075
1 0.56953125 0.91015625 0.0859375 0.1671875
1 0.96484375 0.3828125 0.0421875 0.08125
1 0.87109375 0.3734375 0.0359375 0.096875
1 0.065625 0.28359375 0.053125 0.0828125
1 0.24375 0.29609375 0.0875 0.0796875
1 0.8578125 0.83125 0.059375 0.125
1 0.2 0.77734375 0.0875 0.1484375