1 0.7453125 0.57421875 0.05 0.1203125
1 0.31790625 0.714671875 0.057921875 0.11128125
1 0.05859375 0.25078125 0.0546875 0.0734375
1 0.35234375 0.41171875 0.0421875 0.1015625
1 0.5296875 0.75 0.075 0.14375
1 0.82734375 0.36875 0.0546875 0.090625
1 0.50625 0.41796875 0.0375 0.0921875
1 0.871875 0.18671875 0.046875 0.0734375
1 0.66796875 0.290625 0.0453125 0.084375
1 0.309375 0.2734375 0.034375 0.071875
1 0.80546875 0.24765625 0.0296875 0.0640625
1 0.87265625 0.56640625 0.0421875 0.1078125
1 0.28359375 0.20546875 0.0296875 0.0609375
1 0.94765625 0.36640625 0.0484375 0.0765625
1 0.94609375 0.54375 0.0546875 0.109375
1 0.16640625 0.19609375 0.0359375 0.0703125
1 0.49921875 0.18125 0.0328125 0.06875
1 0.73515625 0.11640625 0.0484375 0.0359375
1 0.375 0.175 0.028125 0.065625
1 0.578125 0.25078125 0.0375 0.0703125
1 0.5734375 0.18828125 0.03125 0.0640625
1 0.63203125 0.2515625 0.0328125 0.0625