5 0.66328125 0.32578125 0.2078125 0.1703125
5 0.609375 0.7875 0.328125 0.421875
5 0.90078125 0.71015625 0.1953125 0.5765625
5 0.10625 0.5671875 0.2125 0.25625
5 0.50390625 0.457 0.2515625 0.33599999999999997
5 0.5109375 0.12109375 0.1 0.1234375
5 0.4515625 0.2609375 0.153125 0.25625
5 0.64140625 0.93828125 0.2734375 0.1203125
5 0.2640625 0.21953125 0.103125 0.1171875
5 0.2125 0.38203125 0.153125 0.1640625
5 0.42109375 0.1203125 0.0828125 0.09375
4 0.0953125 0.39765625 0.0375 0.0671875
4 0.18359375 0.275 0.0265625 0.05
5 0.298640625 0.148265625 0.050078124999999994 0.0620625
4 0.01171875 0.5453125 0.0234375 0.090625
5 0.245703125 0.2745 0.098046875 0.114359375
5 0.214828125 0.18817187500000002 0.067578125 0.09309375