5 0.61015625 0.215625 0.1609375 0.2125
5 0.46875 0.275 0.16875 0.30625
5 0.2453125 0.28359375 0.121875 0.1734375
2 0.275 0.2078125 0.1 0.125
5 0.5234375 0.13203125 0.078125 0.0953125
5 0.403125 0.05703125 0.04375 0.0453125
5 0.47890625 0.0734375 0.0640625 0.065625
2 0.29609375 0.14765625 0.0828125 0.0953125
4 0.171875 0.31796875 0.03125 0.0671875
4 0.059375 0.5234375 0.034375 0.078125
4 0.03828125 0.46953125 0.0359375 0.0703125
4 0.1234375 0.3984375 0.0375 0.065625
4 0.14453125 0.30859375 0.0234375 0.0453125
4 0.125 0.328125 0.028125 0.046875
4 0.09765625 0.37578125 0.0296875 0.0546875
5 0.141203125 0.576953125 0.2 0.29609375
3 0.2125 0.415625 0.10625 0.128125
5 0.5871875 0.872265625 0.380609375 0.25546875