5 0.7828125 0.3890625 0.30625 0.371875
5 0.22734375 0.328125 0.1390625 0.190625
5 0.11796875 0.809375 0.2359375 0.378125
5 0.5860937500000001 0.61275 0.325328125 0.391140625
5 0.57890625 0.16875 0.1140625 0.1
2 0.5 0.3921875 0.228125 0.34375
5 0.29495312500000004 0.186859375 0.0765625 0.104390625
5 0.57890625 0.246875 0.1015625 0.134375
5 0.16328125 0.4359375 0.1546875 0.234375
5 0.5203125 0.13203125 0.084375 0.1078125
5 0.62578125 0.30234375 0.0578125 0.1734375
3 0.91796875 0.73671875 0.1609375 0.3234375
3 0.159375 0.721875 0.15625 0.203125
5 0.44140625 0.1984375 0.0953125 0.065625
3 0.28125 0.2328125 0.075 0.06875
4 0.01484375 0.6140625 0.0296875 0.065625