4 0.28359375 0.2046875 0.0171875 0.028125
5 0.74765625 0.1625 0.0609375 0.053125
3 0.9640625 0.4 0.06875 0.09375
3 0.65 0.23125 0.04375 0.040625
5 0.40546875 0.5140625 0.3703125 0.478125
5 0.7571718749999999 0.234171875 0.08309375 0.11204687499999999
5 0.20859375 0.2734375 0.0828125 0.1125
5 0.928046875 0.26725 0.109515625 0.14160937499999998
5 0.73125 0.35859375 0.146875 0.1453125
5 0.670875 0.18467187499999999 0.054265625 0.061906249999999996
5 0.08671875 0.334375 0.1734375 0.228125
5 0.84375 0.18671875 0.046875 0.0640625
5 0.69765625 0.71171875 0.4546875 0.5734375
5 0.54609375 0.220671875 0.0953125 0.13821875
3 0.81328125 0.18125 0.0203125 0.040625
5 0.43515625 0.20390625 0.0484375 0.0546875
2 0.8182499999999999 0.15134375 0.0421875 0.0578125
5 0.8703125 0.2296875 0.046875 0.078125
5 0.353765625 0.224421875 0.123140625 0.11364062500000001
5 0.431953125 0.148796875 0.073296875 0.059812500000000005
5 0.671421875 0.15462499999999998 0.052796875 0.074578125