5 0.73046875 0.328125 0.2859375 0.36875
5 0.23125 0.228125 0.159375 0.190625
5 0.56015625 0.17578125 0.1109375 0.1390625
5 0.5078125 0.30234375 0.24375 0.1484375
5 0.30078125 0.14296875 0.0765625 0.1109375
5 0.65703125 0.6828125 0.5421875 0.63125
5 0.4671875 0.0625 0.065625 0.059375
5 0.4390625 0.19453125 0.128125 0.1828125
2 0.15703125 0.48046875 0.2484375 0.3421875
4 0.1140625 0.3046875 0.0375 0.0625
4 0.1515625 0.27890625 0.028125 0.0546875
4 0.0609375 0.35234375 0.028125 0.0515625
4 0.08203125 0.37578125 0.0359375 0.0765625