5 0.158640625 0.36015625 0.31728125 0.4765625
5 0.617640625 0.096875 0.10534375 0.1375
5 0.3525 0.0875 0.092484375 0.109375
5 0.55 0.040625 0.084375 0.08125
4 0.7224999999999999 0.246453125 0.030515625 0.048375
4 0.782734375 0.26403125 0.040484375 0.062578125
2 0.47734375 0.27734375 0.2046875 0.2359375
2 0.271875 0.07109375 0.08125 0.0859375
2 0.64765625 0.1828125 0.1015625 0.11875
5 0.46484375 0.084375 0.1078125 0.084375
5 0.36640625 0.690625 0.7328125 0.615625
3 0.33046875 0.1296875 0.0640625 0.071875