5 0.1359375 0.55 0.271875 0.48125
5 0.8390625 0.6171875 0.31875 0.759375
5 0.5984375 0.6625 0.48125 0.671875
5 0.45625 0.225 0.103125 0.10625
5 0.481703125 0.2724375 0.144671875 0.134375
4 0.0515625 0.33125 0.046875 0.0625
3 0.26875 0.25859375 0.075 0.0609375
5 0.63359375 0.27421875 0.0984375 0.0984375
5 0.24053125 0.339578125 0.1033125 0.15834375
5 0.24296875 0.1484375 0.0484375 0.053125
5 0.3036875 0.172359375 0.059375 0.093921875
5 0.5344375 0.14934375 0.08139062500000001 0.1075625
5 0.41465625 0.11028125 0.063078125 0.0875625