5 0.37421875 0.3109375 0.2421875 0.284375
5 0.84296875 0.55625 0.3109375 0.478125
5 0.675 0.828125 0.375 0.340625
5 0.63828125 0.26875 0.1203125 0.153125
5 0.4453125 0.23515625 0.115625 0.2078125
5 0.54453125 0.1484375 0.0796875 0.121875
5 0.5734375 0.20546875 0.1125 0.1078125
5 0.252828125 0.233890625 0.11503125 0.16346875
4 0.18359375 0.2296875 0.0265625 0.040625
4 0.19140625 0.2390625 0.0203125 0.04375
3 0.5 0.4765625 0.1375 0.134375
3 0.68515625 0.41796875 0.0265625 0.0921875
5 0.280515625 0.142015625 0.09603125 0.062234374999999995