5 0.246875 0.27734375 0.2 0.2765625
5 0.32890625 0.14296875 0.1203125 0.1734375
5 0.6078125 0.11171875 0.075 0.0984375
5 0.4921875 0.2703125 0.109375 0.159375
5 0.4578125 0.58203125 0.25 0.2328125
5 0.103125 0.615625 0.20625 0.7125
5 0.466609375 0.189328125 0.114484375 0.19009375
5 0.43125 0.400484375 0.1875 0.21970312500000003
4 0.8733281249999999 0.45859375 0.05959375 0.101578125
4 0.71640625 0.275 0.0359375 0.046875
4 0.9338124999999999 0.43410937499999996 0.054906250000000004 0.09406250000000001
4 0.68515625 0.23671875 0.0296875 0.0546875
4 0.74296875 0.2453125 0.0265625 0.0375
4 0.77634375 0.280875 0.036046875 0.06135937500000001
4 0.62578125 0.19296875 0.0234375 0.0359375
4 0.71328125 0.20703125 0.0234375 0.0296875
4 0.9800000000000001 0.5886875 0.036875000000000005 0.12260937499999999
4 0.8675625 0.372609375 0.0453125 0.059375
4 0.8035937499999999 0.345109375 0.046359375 0.050624999999999996
2 0.5921875 0.06796875 0.078125 0.0921875
5 0.454265625 0.078828125 0.08153125 0.15142187499999998
3 0.7515625 0.384375 0.140625 0.1125
5 0.35135937500000003 0.8321875000000001 0.702703125 0.335625
4 0.8394999999999999 0.321046875 0.04603125 0.070921875
5 0.348296875 0.041390625 0.086609375 0.04903125