1 0.41328125 0.54375 0.0734375 0.125
1 0.046875 0.47578125 0.04375 0.1171875
1 0.953125 0.81171875 0.090625 0.1828125
1 0.315625 0.44140625 0.053125 0.1015625
1 0.69609375 0.33984375 0.0296875 0.0828125
1 0.52890625 0.3328125 0.0484375 0.09375
1 0.96875 0.29296875 0.05625 0.0859375
1 0.615625 0.64140625 0.065625 0.1484375
1 0.4953125 0.521875 0.05625 0.121875
1 0.69609375 0.66796875 0.0296875 0.1140625
1 0.49609375 0.53046875 0.0265625 0.1046875
1 0.76796875 0.4390625 0.0546875 0.10625
1 0.62109375 0.33515625 0.0390625 0.0890625
1 0.79765625 0.23671875 0.0265625 0.0640625
1 0.4859375 0.28671875 0.0375 0.0765625
1 0.53671875 0.59453125 0.0484375 0.1078125
1 0.834375 0.56171875 0.03125 0.0921875
1 0.746875 0.27578125 0.046875 0.0890625
1 0.10234375 0.48125 0.0703125 0.115625
1 0.9453125 0.478125 0.04375 0.1
1 0.8765625 0.27578125 0.040625 0.0828125
1 0.371875 0.41796875 0.059375 0.1171875
1 0.783125 0.79390625 0.078125 0.1953125