5 0.10234375 0.59375 0.2046875 0.334375
5 0.20625 0.36640625 0.1625 0.2140625
5 0.8390625 0.46640625 0.31875 0.4546875
5 0.5885312500000001 0.18825 0.11768749999999999 0.126515625
5 0.2953125 0.18828125 0.071875 0.1015625
5 0.590875 0.268796875 0.10674999999999998 0.12803124999999999
5 0.53203125 0.14296875 0.0890625 0.1109375
5 0.67421875 0.34375 0.0828125 0.203125
5 0.42265625 0.171875 0.0765625 0.071875
5 0.580359375 0.637578125 0.335703125 0.43764062499999995
2 0.503125 0.41328125 0.228125 0.3171875
3 0.103125 0.87578125 0.190625 0.2453125
4 0.190625 0.24609375 0.025 0.0359375
4 0.23359375 0.18125 0.0203125 0.0375