5 0.0765625 0.81328125 0.153125 0.3703125
5 0.925 0.76953125 0.146875 0.4578125
5 0.56328125 0.634375 0.2578125 0.4125
5 0.45390625 0.3046875 0.1203125 0.2
5 0.6046875 0.221875 0.16875 0.240625
5 0.259625 0.255015625 0.109375 0.14753125
5 0.4171875 0.11484375 0.078125 0.1109375
2 0.28125 0.1471875 0.08125 0.0828125
5 0.4203125 0.21875 0.075 0.128125
5 0.51484375 0.12734375 0.0796875 0.1328125
4 0.13359375 0.32578125 0.0265625 0.0515625
4 0.06015625 0.4671875 0.0484375 0.08125
4 0.18828125 0.27734375 0.0234375 0.0421875
4 0.1546875 0.29296875 0.025 0.0453125
4 0.08671875 0.41328125 0.0328125 0.0515625