1 0.33515625 0.921875 0.0484375 0.103125
1 0.2046875 0.84453125 0.05 0.0953125
1 0.92421875 0.90703125 0.0609375 0.0890625
1 0.64296875 0.7328125 0.0390625 0.06875
1 0.284375 0.84609375 0.05 0.0953125
1 0.41796875 0.84296875 0.0484375 0.0953125
1 0.84296875 0.94609375 0.0703125 0.1046875
1 0.51796875 0.77734375 0.0484375 0.0796875
1 0.3265625 0.72734375 0.040625 0.0765625
1 0.146875 0.7578125 0.046875 0.078125
1 0.23203125 0.75 0.0484375 0.078125
1 0.7453125 0.73984375 0.040625 0.0734375
1 0.8171875 0.815625 0.053125 0.06875
1 0.5796875 0.7375 0.04375 0.075
1 0.35 0.64609375 0.034375 0.0609375
1 0.403125 0.57734375 0.025 0.0484375
1 0.45625 0.62421875 0.025 0.0546875
1 0.13046875 0.5828125 0.0296875 0.046875
1 0.4734375 0.7234375 0.0375 0.06875
1 0.32734375 0.5296875 0.0234375 0.04375
1 0.565625 0.61171875 0.028125 0.0390625
1 0.265625 0.640625 0.028125 0.059375
1 0.29140625 0.61953125 0.0265625 0.0515625
1 0.24375 0.5296875 0.021875 0.04375
1 0.125 0.67578125 0.0375 0.0671875
1 0.403125 0.653125 0.0375 0.0625
1 0.11328125 0.53125 0.0203125 0.04375
1 0.2828125 0.5296875 0.025 0.04375
1 0.1875 0.51015625 0.021875 0.0453125
1 0.1625 0.65 0.034375 0.059375
1 0.2203125 0.68359375 0.0375 0.0515625
1 0.14140625 0.52890625 0.0265625 0.0484375
1 0.471875 0.57734375 0.01875 0.0421875
1 0.43671875 0.77421875 0.0328125 0.0703125
1 0.5703125 0.678125 0.0375 0.040625