5 0.644421875 0.18687499999999999 0.105734375 0.133640625
5 0.13071875 0.44204687500000006 0.2614375 0.54090625
5 0.050875000000000004 0.04453125 0.07223437499999999 0.0890625
5 0.624734375 0.11468750000000001 0.12384375 0.159375
5 0.31728125 0.1119375 0.118921875 0.182359375
5 0.46640625 0.09921875 0.1078125 0.1328125
5 0.360875 0.03125 0.060875 0.0625
4 0.74375 0.272859375 0.034375 0.06281250000000001
4 0.9782343750000001 0.543953125 0.04353125 0.07375000000000001
4 0.8948750000000001 0.397453125 0.0531875 0.089578125
4 0.8510156249999999 0.354484375 0.03846875 0.08395312499999999
4 0.810984375 0.30398437500000003 0.024906249999999998 0.04234375
4 0.781453125 0.257578125 0.03428125 0.065578125
4 0.944921875 0.45440625 0.053703125 0.094328125
4 0.729640625 0.196609375 0.0365625 0.053125
2 0.4640625 0.29453125 0.171875 0.2671875
3 0.2828125 0.2390625 0.059375 0.0875
3 0.853125 0.5390625 0.215625 0.190625