1 0.4453125 0.925 0.0875 0.146875
1 0.621875 0.928125 0.1 0.140625
1 0.30859375 0.8125 0.0734375 0.159375
1 0.6453125 0.534375 0.046875 0.10625
1 0.35234375 0.38046875 0.0328125 0.0953125
1 0.8484375 0.43828125 0.053125 0.1078125
1 0.96953125 0.86640625 0.0546875 0.1578125
1 0.425 0.33046875 0.03125 0.0828125
1 0.52578125 0.81875 0.0796875 0.15625
1 0.7921875 0.80234375 0.0875 0.1703125
1 0.69453125 0.334375 0.0671875 0.09375
1 0.06484375 0.8125 0.1140625 0.1625
1 0.26875 0.4546875 0.0375 0.1
1 0.8640625 0.25234375 0.05 0.0734375
1 0.5 0.33671875 0.028125 0.0765625
1 0.58125 0.31328125 0.034375 0.0765625
1 0.24453125 0.29609375 0.0890625 0.0828125
1 0.38203125 0.2828125 0.0265625 0.08125
1 0.809375 0.3578125 0.04375 0.090625
1 0.0265625 0.18828125 0.03125 0.0578125
1 0.12265625 0.7796875 0.2359375 0.15
1 0.771875 0.51015625 0.071875 0.1078125