5 0.7203125 0.3171875 0.275 0.340625
5 0.55078125 0.55859375 0.3390625 0.6734375
5 0.95 0.70390625 0.096875 0.4703125
5 0.2984375 0.15390625 0.0875 0.1078125
5 0.18671875 0.40703125 0.1578125 0.2328125
5 0.54765625 0.16796875 0.1171875 0.1734375
5 0.45390625 0.23828125 0.1421875 0.1328125
5 0.42265625 0.15390625 0.0921875 0.1328125
2 0.2609375 0.234375 0.11875 0.15
5 0.50703125 0.1140625 0.0953125 0.109375
5 0.403125 0.065625 0.053125 0.053125
4 0.021875 0.4640625 0.040625 0.08125
4 0.0765625 0.41796875 0.034375 0.0578125
4 0.1078125 0.39140625 0.03125 0.0609375
3 0.10390625 0.66328125 0.1953125 0.2015625
5 0.245953125 0.297703125 0.09503125 0.138984375