1 0.425 0.9171875 0.053125 0.09375
1 0.28984375 0.94140625 0.0578125 0.1140625
1 0.684375 0.7875 0.040625 0.078125
1 0.40859375 0.6671875 0.0390625 0.0625
1 0.34609375 0.84296875 0.0484375 0.0828125
1 0.4515625 0.68828125 0.034375 0.0671875
1 0.603125 0.65703125 0.03125 0.0578125
1 0.534375 0.634375 0.03125 0.059375
1 0.1484375 0.81171875 0.06875 0.0953125
1 0.81953125 0.63828125 0.0328125 0.0578125
1 0.7609375 0.63046875 0.028125 0.0578125
1 0.725 0.61484375 0.025 0.0515625
1 0.8703125 0.6359375 0.028125 0.053125
1 0.64296875 0.6078125 0.0296875 0.053125
1 0.59296875 0.584375 0.0296875 0.05
1 0.65859375 0.5140625 0.0265625 0.04375
1 0.74140625 0.478125 0.0171875 0.034375
1 0.8046875 0.5546875 0.01875 0.04375
1 0.68515625 0.56875 0.0203125 0.03125
1 0.6953125 0.51171875 0.01875 0.0390625
1 0.7859375 0.59375 0.021875 0.04375
1 0.690625 0.64921875 0.03125 0.0515625
1 0.8578125 0.58515625 0.021875 0.0484375
1 0.90625 0.4828125 0.015625 0.034375
1 0.6140625 0.5421875 0.01875 0.04375