1 0.10234375 0.6390625 0.0796875 0.13125
1 0.27578125 0.7484375 0.0796875 0.14375
1 0.95234375 0.8171875 0.0921875 0.175
1 0.89765625 0.55390625 0.0484375 0.1046875
1 0.03671875 0.4765625 0.0578125 0.115625
1 0.73671875 0.609375 0.0796875 0.128125
1 0.58125 0.38359375 0.021875 0.0734375
1 0.74609375 0.22265625 0.0328125 0.0796875
1 0.61640625 0.46875 0.0328125 0.0875
1 0.775 0.5515625 0.0375 0.1
1 0.96640625 0.29609375 0.0546875 0.0859375
1 0.79375 0.36171875 0.028125 0.0765625
1 0.54296875 0.41015625 0.0359375 0.0828125
1 0.4359375 0.37421875 0.040625 0.0765625
1 0.49609375 0.42578125 0.0390625 0.0984375
1 0.86796875 0.19375 0.0296875 0.065625
1 0.6875 0.5234375 0.053125 0.11875