5 0.768171875 0.38125 0.2828125 0.346875
5 0.4578125 0.26171875 0.153125 0.2859375
5 0.61953125 0.23828125 0.1671875 0.2421875
5 0.253125 0.81640625 0.471875 0.3640625
5 0.08984375 0.7265625 0.1796875 0.346875
5 0.290625 0.17109375 0.084375 0.1078125
5 0.49375 0.10859375 0.09375 0.1203125
5 0.4078125 0.109375 0.06875 0.084375
5 0.46796875 0.05703125 0.0703125 0.0453125
2 0.209375 0.35078125 0.153125 0.2171875
5 0.321875 0.10625 0.06875 0.08125
5 0.2765625 0.20859375 0.096875 0.0859375
4 0.22109375 0.2125 0.0203125 0.0375
4 0.0578125 0.3859375 0.04375 0.06875
4 0.02890625 0.428125 0.0453125 0.075
4 0.01484375 0.540625 0.0296875 0.0875
4 0.12734375 0.346875 0.0265625 0.05
4 0.134375 0.3078125 0.025 0.0375
3 0.184375 0.53046875 0.1625 0.1734375
3 0.53359375 0.2 0.0171875 0.059375