5 0.10703125 0.6953125 0.2140625 0.390625
5 0.81796875 0.48515625 0.3609375 0.3984375
5 0.57421875 0.83984375 0.3703125 0.3171875
5 0.61796875 0.2609375 0.1078125 0.15625
5 0.291015625 0.153515625 0.08515625 0.11173437500000001
5 0.41640625 0.10859375 0.0671875 0.1171875
5 0.596875 0.065625 0.04375 0.065625
5 0.54140625 0.15078125 0.0828125 0.1046875
5 0.495515625 0.3173125 0.20042187500000003 0.353375
3 0.496875 0.115625 0.034375 0.04375
4 0.22109375 0.2125 0.0234375 0.04375
4 0.14453125 0.3921875 0.0359375 0.06875
4 0.01796875 0.5453125 0.0359375 0.08125
4 0.22890625 0.18046875 0.0203125 0.0421875
4 0.1453125 0.33203125 0.03125 0.0328125