5 0.84921875 0.5046875 0.2984375 0.459375
5 0.09296875 0.6890625 0.1859375 0.61875
5 0.5390625 0.55859375 0.384375 0.4015625
5 0.1796875 0.42265625 0.15625 0.2421875
5 0.2375 0.30390625 0.13125 0.1828125
5 0.6015625 0.18125 0.153125 0.134375
5 0.31675 0.11599999999999999 0.065640625 0.095453125
5 0.51875 0.13125 0.08125 0.121875
5 0.459375 0.26328125 0.171875 0.2140625
5 0.409375 0.07578125 0.05625 0.0671875
5 0.621875 0.278125 0.146875 0.196875
4 0.2328125 0.196875 0.025 0.034375
4 0.1421875 0.2921875 0.03125 0.034375
4 0.17265625 0.275 0.0203125 0.04375
4 0.10234375 0.340625 0.0328125 0.059375
4 0.26953125 0.178125 0.0171875 0.025
4 0.25546875 0.15 0.0203125 0.03125
3 0.28203125 0.21796875 0.0734375 0.0640625
5 0.474046875 0.076453125 0.0408125 0.05959375
5 0.42818750000000005 0.13203125 0.096125 0.0546875
5 0.608765625 0.87346875 0.508828125 0.2530625