5 0.0875 0.630109375 0.175 0.61875
5 0.465625 0.203125 0.128125 0.184375
5 0.2921875 0.21640625 0.115625 0.1421875
5 0.3390625 0.0828125 0.1 0.1375
5 0.586203125 0.06796875 0.086984375 0.1140625
5 0.46740624999999997 0.077421875 0.10979687499999999 0.08442187500000001
5 0.43928124999999996 0.64140625 0.543328125 0.7140625
4 0.9234375 0.441796875 0.05 0.09765625
4 0.79375 0.46875 0.059375 0.10625
4 0.8578749999999999 0.465625 0.055890625000000006 0.103125
4 0.73984375 0.2421875 0.0296875 0.046875
4 0.76328125 0.3140625 0.0421875 0.06875
4 0.6640625 0.265625 0.025 0.04375
4 0.61015625 0.15559375 0.0234375 0.0330625
4 0.7140625 0.20625 0.021875 0.034375
4 0.7890625 0.3109375 0.021875 0.04375
4 0.64375 0.22734375 0.025 0.0328125
4 0.6328125 0.1828125 0.021875 0.03125
4 0.83178125 0.3359375 0.048140625 0.078125
4 0.68203125 0.3375 0.0484375 0.075
4 0.70859375 0.32109375 0.0390625 0.0703125
4 0.6921875 0.24453125 0.015625 0.0328125
4 0.865625 0.379984375 0.046671875 0.08378125
3 0.265625 0.096875 0.053125 0.05