5 0.70234375 0.31875 0.2421875 0.340625
5 0.865625 0.57890625 0.265625 0.5765625
5 0.26640625 0.83125 0.4546875 0.334375
5 0.5453125 0.16640625 0.11875 0.1671875
5 0.4875 0.353125 0.203125 0.38125
2 0.2875 0.17265625 0.0875 0.1078125
5 0.25265624999999997 0.260703125 0.09281249999999999 0.14328125
5 0.50625 0.103125 0.0875 0.090625
2 0.13046875 0.52265625 0.2609375 0.3609375
4 0.14140625 0.32265625 0.0296875 0.0453125
4 0.03828125 0.41328125 0.0421875 0.0515625
4 0.20078125 0.2546875 0.0203125 0.040625
4 0.1671875 0.27890625 0.021875 0.0421875
3 0.02734375 0.8765625 0.0546875 0.24375
3 0.2359375 0.378125 0.0875 0.09375
5 0.415796875 0.129 0.07725 0.101609375
5 0.286859375 0.222515625 0.069203125 0.097734375