5 0.64375 0.790625 0.521875 0.415625
5 0.59375 0.19765625 0.125 0.1609375
5 0.1203125 0.753125 0.240625 0.490625
5 0.82734375 0.6125 0.3421875 0.64375
5 0.51328125 0.12421875 0.0953125 0.1296875
5 0.3 0.15234375 0.08125 0.1140625
5 0.4375 0.15232812499999998 0.11875 0.129703125
5 0.24140625 0.28046875 0.1109375 0.1578125
5 0.46484375 0.06640625 0.0515625 0.0546875
5 0.51328125 0.4491875 0.2921875 0.47664062500000004
3 0.23046875 0.415625 0.1265625 0.14375
3 0.16328125 0.26640625 0.0640625 0.0734375
3 0.07890625 0.55625 0.1578125 0.159375
4 0.11015625 0.44609375 0.0546875 0.0671875
4 0.084375 0.3640625 0.040625 0.053125
4 0.03046875 0.4625 0.0484375 0.065625