5 0.06015625 0.79609375 0.1203125 0.4046875
5 0.1359375 0.5734375 0.20625 0.353125
5 0.47734375 0.3359375 0.1453125 0.13125
5 0.2375 0.30390625 0.11875 0.1546875
5 0.65428125 0.271 0.20232812500000003 0.295140625
5 0.978125 0.73671875 0.040625 0.4703125
5 0.5609375 0.63046875 0.3125 0.5015625
5 0.296875 0.15703125 0.08125 0.1046875
5 0.40703125 0.07734375 0.0578125 0.0859375
5 0.43359375 0.1640625 0.0890625 0.103125
5 0.553125 0.16875 0.1125 0.15625
5 0.45859375 0.06875 0.0578125 0.0625
2 0.834375 0.4984375 0.328125 0.459375
4 0.20546875 0.2328125 0.0203125 0.034375
4 0.22734375 0.196875 0.0203125 0.0375
4 0.1140625 0.34140625 0.034375 0.0578125
4 0.16875 0.28515625 0.025 0.0484375
4 0.134375 0.31796875 0.021875 0.0421875
4 0.15546875 0.33359375 0.0296875 0.0515625