1 0.28984375 0.95078125 0.0734375 0.0953125
1 0.746875 0.7921875 0.04375 0.084375
1 0.2609375 0.70546875 0.04375 0.0703125
1 0.58671875 0.859375 0.0609375 0.09375
1 0.3875 0.9546875 0.06875 0.0875
1 0.4375 0.8484375 0.059375 0.096875
1 0.1328125 0.69609375 0.0375 0.0703125
1 0.8171875 0.8421875 0.040625 0.0875
1 0.4328125 0.5703125 0.021875 0.046875
1 0.4546875 0.70390625 0.046875 0.0671875
1 0.290625 0.6109375 0.03125 0.059375
1 0.19609375 0.653125 0.0328125 0.059375
1 0.2953125 0.51796875 0.021875 0.0421875
1 0.3375 0.6046875 0.028125 0.053125
1 0.48359375 0.6234375 0.0234375 0.065625
1 0.39375 0.58984375 0.028125 0.0515625
1 0.203125 0.56875 0.025 0.05
1 0.24921875 0.56796875 0.0265625 0.0484375
1 0.18359375 0.4765625 0.0203125 0.034375
1 0.3609375 0.49140625 0.015625 0.0359375
1 0.315625 0.490625 0.01875 0.0375
1 0.1578125 0.53046875 0.021875 0.0421875
1 0.37578125 0.5671875 0.0171875 0.04375