1 0.36640625 0.85546875 0.0953125 0.1609375
1 0.87109375 0.74609375 0.0796875 0.1390625
1 0.465625 0.62109375 0.071875 0.1265625
1 0.7515625 0.30625 0.046875 0.08125
1 0.1796875 0.921875 0.078125 0.153125
1 0.8203125 0.30390625 0.040625 0.0828125
1 0.32421875 0.35078125 0.0390625 0.0796875
1 0.46875 0.3546875 0.034375 0.08125
1 0.16171875 0.16875 0.0265625 0.05625
1 0.8171875 0.5140625 0.05625 0.1
1 0.871875 0.1859375 0.046875 0.071875
1 0.05703125 0.25078125 0.0515625 0.0734375
1 0.58828125 0.25703125 0.0421875 0.0765625
1 0.47578125 0.159375 0.0296875 0.0625
1 0.37421875 0.1578125 0.0234375 0.053125
1 0.29921875 0.2328125 0.0328125 0.065625
1 0.253125 0.16796875 0.034375 0.0640625
1 0.29434375 0.5970625 0.051937500000000004 0.07775
1 0.03203125 0.84453125 0.0640625 0.1515625
1 0.88359375 0.4171875 0.0296875 0.08125
1 0.84609375 0.45859375 0.0484375 0.0984375
1 0.546875 0.21484375 0.034375 0.0671875
1 0.73515625 0.11484375 0.0484375 0.0359375
1 0.40859375 0.084375 0.0234375 0.05
1 0.6828125 0.11015625 0.03125 0.0515625
1 0.771875 0.2203125 0.028125 0.059375
1 0.79921875 0.1875 0.0359375 0.05625
1 0.96796875 0.40625 0.0484375 0.09375