1 0.4953125 0.89140625 0.090625 0.1453125
1 0.7734375 0.93046875 0.084375 0.1359375
1 0.7328125 0.62734375 0.053125 0.0984375
1 0.79296875 0.44921875 0.0484375 0.0828125
1 0.4875 0.60859375 0.053125 0.1078125
1 0.66796875 0.57109375 0.0546875 0.0953125
1 0.86328125 0.64140625 0.0578125 0.1046875
1 0.646875 0.35625 0.04375 0.06875
1 0.32265625 0.43359375 0.0453125 0.0828125
1 0.93515625 0.49921875 0.0546875 0.0859375
1 0.40625 0.45390625 0.04375 0.0828125
1 0.709375 0.44453125 0.046875 0.0828125
1 0.0421875 0.3509375 0.025 0.065625
1 0.8953125 0.459375 0.034375 0.078125
1 0.24765625 0.334375 0.0328125 0.06875
1 0.58046875 0.634375 0.0546875 0.096875