5 0.292875 0.159375 0.08575 0.109375
5 0.04453125 0.6796875 0.0890625 0.40625
5 0.600109375 0.10625 0.06584375 0.084375
5 0.45625 0.23359375 0.115625 0.1515625
5 0.56171875 0.040625 0.0734375 0.08125
5 0.35728125 0.051953125 0.0645625 0.086734375
5 0.33359375 0.08359375 0.0828125 0.1140625
4 0.9140625 0.515625 0.065625 0.115625
4 0.7515625 0.153125 0.021875 0.0375
4 0.8265625 0.21796875 0.034375 0.0453125
4 0.8125 0.29296875 0.040625 0.0671875
4 0.68409375 0.18565625 0.02471875 0.0474375
4 0.6421875 0.2078125 0.028125 0.05
4 0.74865625 0.23409375 0.030546875 0.06023437499999999
4 0.771953125 0.25753125 0.034515625 0.06534375
4 0.71975 0.20340625 0.033234375 0.0556875
5 0.46637500000000004 0.612421875 0.364 0.6188906249999999
5 0.456046875 0.087328125 0.078 0.144046875
5 0.47276562499999997 0.1735625 0.09907812499999999 0.14515625000000001