5 0.65 0.24375 0.203125 0.26875
5 0.2640625 0.199390625 0.125 0.176203125
5 0.6578125 0.6828125 0.54375 0.63125
5 0.53515625 0.1515625 0.0890625 0.128125
5 0.5078125 0.30078125 0.246875 0.1484375
5 0.30859375 0.12890625 0.0640625 0.1015625
5 0.43671875 0.1765625 0.1234375 0.165625
2 0.21171875 0.3484375 0.1703125 0.228125
4 0.0921875 0.38984375 0.034375 0.0609375
4 0.04375 0.45390625 0.040625 0.0703125
4 0.11640625 0.3296875 0.0296875 0.053125
4 0.14765625 0.27578125 0.0203125 0.0390625
4 0.20625 0.22421875 0.021875 0.0296875
4 0.0171875 0.59140625 0.034375 0.0953125
4 0.125 0.3453125 0.01875 0.046875