4 0.99140625 0.334328125 0.0171875 0.028234375
5 0.7546875 0.159375 0.05625 0.0375
5 0.83359375 0.1875 0.0390625 0.0375
3 0.8359375 0.22109375 0.040625 0.0359375
5 0.09765625 0.33515625 0.1953125 0.2453125
5 0.5421875 0.4 0.15 0.19375
5 0.9046875 0.29296875 0.06875 0.0890625
5 0.7546875 0.4421875 0.15625 0.2125
5 0.6625 0.20703125 0.05625 0.0859375
5 0.7625 0.278125 0.103125 0.1625
2 0.3875 0.1875 0.053125 0.0625
5 0.633828125 0.298203125 0.080171875 0.102640625
5 0.549453125 0.24110937500000001 0.097953125 0.13534375
5 0.88515625 0.25703125 0.0671875 0.0828125
5 0.2625 0.27415625 0.140625 0.115625
5 0.60290625 0.8900781249999999 0.6330312499999999 0.21984374999999998
5 0.7515625 0.1890625 0.071875 0.04375
5 0.23103125000000002 0.340125 0.103546875 0.083390625
5 0.392046875 0.258953125 0.075 0.078125