5 0.71953125 0.39921875 0.2328125 0.2953125
5 0.0546875 0.78515625 0.109375 0.4265625
5 0.46875 0.3200625 0.225 0.297375
5 0.1890625 0.42734375 0.178125 0.2703125
5 0.61875 0.22265625 0.16875 0.1984375
5 0.10078125 0.6390625 0.2015625 0.390625
5 0.94453125 0.7328125 0.1078125 0.49375
5 0.61484375 0.72421875 0.5265625 0.5484375
5 0.5265625 0.13984375 0.084375 0.1265625
5 0.30234375 0.142046875 0.0703125 0.11276562500000001
5 0.43248437500000003 0.14445312500000002 0.09440625 0.048593750000000005
5 0.48203125 0.09453125 0.0640625 0.0765625
4 0.20859375 0.24375 0.0203125 0.040625
4 0.125 0.309375 0.025 0.04375
4 0.0890625 0.37734375 0.03125 0.0484375
4 0.01484375 0.453125 0.0296875 0.05
4 0.08671875 0.43125 0.0390625 0.034375
4 0.134375 0.3015625 0.046875 0.059375
3 0.26875 0.26484375 0.084375 0.0796875
5 0.415890625 0.092546875 0.06675 0.0486875
4 0.25387499999999996 0.1953125 0.01365625 0.031265625000000005
4 0.22021875 0.21306250000000002 0.02103125 0.034984375
4 0.23335937499999998 0.201203125 0.018796874999999998 0.036625000000000005