1 0.3171875 0.89609375 0.0375 0.0828125
1 0.58046875 0.89296875 0.0453125 0.0921875
1 0.70078125 0.95625 0.0453125 0.084375
1 0.3875 0.7171875 0.028125 0.06875
1 0.65078125 0.678125 0.0234375 0.053125
1 0.74921875 0.7046875 0.0328125 0.06875
1 0.6859375 0.64375 0.021875 0.046875
1 0.54140625 0.72578125 0.0296875 0.0671875
1 0.21796875 0.64296875 0.0265625 0.0578125
1 0.13359375 0.5921875 0.0296875 0.05
1 0.334375 0.546875 0.01875 0.040625
1 0.18515625 0.6375 0.0234375 0.046875
1 0.358234375 0.52490625 0.024421875000000003 0.042749999999999996
1 0.3875 0.52578125 0.01875 0.0390625
1 0.5625 0.55546875 0.01875 0.0390625
1 0.0078125 0.63046875 0.015625 0.0453125
1 0.9171875 0.94921875 0.046875 0.0984375
1 0.271875 0.64375 0.021875 0.04375
1 0.05234375 0.58203125 0.0703125 0.0421875
1 0.22734375 0.55234375 0.0203125 0.0421875
1 0.27923437500000003 0.55325 0.026437500000000003 0.04609375