5 0.85 0.540625 0.296875 0.5
5 0.58359375 0.6015625 0.3703125 0.50625
5 0.58984375 0.20703125 0.1703125 0.2015625
5 0.5234375 0.13671875 0.103125 0.1109375
2 0.15859375 0.30234375 0.1671875 0.1984375
2 0.26796875 0.2140625 0.1171875 0.15625
5 0.46328125 0.2796875 0.1578125 0.175
5 0.423296875 0.155875 0.09715625 0.132
5 0.475 0.08671875 0.0625 0.0953125
4 0.05703125 0.7078125 0.0734375 0.134375
4 0.015625 0.40625 0.03125 0.06875
4 0.04921875 0.35234375 0.0390625 0.0578125
5 0.637875 0.910015625 0.6761250000000001 0.17996875