5 0.68828125 0.30234375 0.1671875 0.2109375
5 0.615625 0.6385468750000001 0.4375 0.71978125
5 0.93828125 0.6953125 0.1203125 0.60625
5 0.49140625 0.09921875 0.0921875 0.1140625
5 0.15 0.49296875 0.190625 0.2921875
5 0.46640625 0.333640625 0.1703125 0.35790625
4 0.05703125 0.43828125 0.0421875 0.0765625
4 0.20625 0.22109375 0.021875 0.0359375
3 0.2375 0.3578125 0.103125 0.11875
3 0.2546875 0.2671875 0.08125 0.0875
5 0.2745 0.190875 0.07340624999999999 0.10575000000000001
5 0.30153125 0.14165624999999998 0.050046875000000005 0.072953125
4 0.188859375 0.20445312499999999 0.012296875 0.033109375
4 0.224921875 0.204875 0.018484375 0.033953125