5 0.7171875 0.35078125 0.3125 0.3984375
5 0.10625 0.64921875 0.2125 0.3546875
5 0.1625 0.45546875 0.15625 0.2359375
5 0.221875 0.29140625 0.096875 0.1421875
2 0.26796875 0.2078125 0.0890625 0.1125
5 0.49609375 0.42182812500000005 0.2484375 0.40634375
5 0.42109375 0.1484375 0.0828125 0.125
5 0.54921875 0.165625 0.0984375 0.115625
5 0.3078125 0.16171875 0.065625 0.0953125
5 0.446875 0.196875 0.0875 0.059375
5 0.0390625 0.82578125 0.078125 0.3453125
2 0.28046875 0.07578125 0.0453125 0.0515625
5 0.5984375 0.84609375 0.39375 0.3046875
4 0.1640625 0.303125 0.025 0.04375
4 0.12890625 0.31640625 0.0265625 0.0421875
4 0.21484375 0.203125 0.0203125 0.040625
4 0.08515625 0.4046875 0.0203125 0.046875