1 0.3765625 0.94296875 0.065625 0.1078125
1 0.18671875 0.92578125 0.0546875 0.1046875
1 0.4546875 0.76640625 0.040625 0.0796875
1 0.7140625 0.753125 0.046875 0.08125
1 0.65859375 0.765625 0.0296875 0.0875
1 0.7046875 0.9734375 0.075 0.05
1 0.23828125 0.81875 0.0453125 0.084375
1 0.41015625 0.53828125 0.0203125 0.0421875
1 0.38359375 0.7765625 0.0453125 0.084375
1 0.371875 0.603125 0.03125 0.053125
1 0.45546875 0.6625 0.0328125 0.059375
1 0.5375 0.7390625 0.0375 0.075
1 0.3140625 0.6625 0.0375 0.0625
1 0.22421875 0.6140625 0.0265625 0.05
1 0.2453125 0.6609375 0.028125 0.059375
1 0.2234375 0.5046875 0.01875 0.040625
1 0.125 0.5296875 0.01875 0.040625
1 0.60546875 0.6671875 0.0359375 0.059375
1 0.2671875 0.61640625 0.03125 0.0578125
1 0.25078125 0.475 0.0171875 0.034375
1 0.19296875 0.5765625 0.0234375 0.05
1 0.325 0.5921875 0.025 0.05625
1 0.3640625 0.5359375 0.021875 0.0375
1 0.14296875 0.5609375 0.0203125 0.04375
1 0.19375 0.48984375 0.01875 0.0390625
1 0.0984375 0.48125 0.01875 0.034375
1 0.54453125 0.65859375 0.0328125 0.0484375
1 0.39140625 0.5109375 0.0171875 0.034375
1 0.28828125 0.525 0.0203125 0.04375
1 0.3390625 0.5234375 0.015625 0.034375
1 0.17421875 0.55234375 0.0171875 0.0421875
1 0.140625 0.66796875 0.034375 0.0734375
1 0.57578125 0.64453125 0.0359375 0.0703125
1 0.1578125 0.6390625 0.025 0.0625