1 0.6890625 0.8890625 0.05 0.096875
1 0.40078125 0.8359375 0.0515625 0.1
1 0.0421875 0.95078125 0.06875 0.0953125
1 0.54453125 0.7484375 0.0328125 0.071875
1 0.72734375 0.6921875 0.0359375 0.06875
1 0.59140625 0.58828125 0.0234375 0.0515625
1 0.70625 0.61015625 0.025 0.0546875
1 0.14453125 0.815625 0.0578125 0.0875
1 0.26171875 0.8078125 0.1203125 0.09375
1 0.61015625 0.9640625 0.0609375 0.06875
1 0.790625 0.57890625 0.021875 0.0515625
1 0.64453125 0.61640625 0.0296875 0.0515625
1 0.73125 0.58203125 0.021875 0.0515625
1 0.84140625 0.596875 0.0296875 0.053125
1 0.48515625 0.6375 0.0359375 0.0625
1 0.57421875 0.55234375 0.0171875 0.0390625
1 0.68671875 0.54296875 0.0203125 0.0453125
1 0.75390625 0.5390625 0.0171875 0.040625
1 0.63359375 0.553125 0.0203125 0.04375
1 0.84296875 0.51171875 0.0203125 0.0390625
1 0.771875 0.53203125 0.015625 0.0328125
1 0.70703125 0.49453125 0.0203125 0.0390625
1 0.8796875 0.59453125 0.025 0.0484375
1 0.47109375 0.625 0.0203125 0.053125
1 0.8609375 0.54921875 0.01875 0.0421875
1 0.809375 0.5265625 0.015625 0.040625