1 0.51328125 0.89140625 0.0484375 0.0859375
1 0.19296875 0.89296875 0.0328125 0.0828125
1 0.75 0.7984375 0.028125 0.059375
1 0.26875 0.84609375 0.034375 0.0765625
1 0.5640625 0.7875 0.03125 0.071875
1 0.1328125 0.58984375 0.03125 0.0484375
1 0.64609375 0.65625 0.0328125 0.05625
1 0.51796875 0.703125 0.0296875 0.0625
1 0.5796875 0.628125 0.021875 0.046875
1 0.6859375 0.6421875 0.021875 0.046875
1 0.353125 0.62578125 0.021875 0.0515625
1 0.4265625 0.628125 0.021875 0.05
1 0.5625 0.55390625 0.01875 0.0390625
1 0.8640625 0.765625 0.03125 0.06875
1 0.1796875 0.59296875 0.05 0.0453125
1 0.425 0.5265625 0.015625 0.034375
1 0.332359375 0.498078125 0.017890625 0.03621875
1 0.3625 0.496875 0.01875 0.034375
1 0.4609375 0.53515625 0.01875 0.0359375
1 0.23937499999999998 0.58375 0.029406250000000002 0.05021875
1 0.2734375 0.59453125 0.01875 0.0421875
1 0.053125 0.5828125 0.071875 0.040625
1 0.2921875 0.75234375 0.021875 0.0546875
1 0.29900000000000004 0.58765625 0.024625 0.045890625000000004
1 0.05746875 0.5504374999999999 0.04815625 0.03453125