5 0.2734375 0.18734375 0.16875 0.23781249999999998
5 0.45390625 0.25 0.1703125 0.240625
5 0.0890625 0.63359375 0.178125 0.6265625
5 0.34921875 0.06003125 0.0859375 0.1200625
5 0.46434375 0.08515625 0.11281250000000001 0.1140625
4 0.9728125000000001 0.501 0.05437499999999999 0.10735937499999999
4 0.9299062499999999 0.444828125 0.059828124999999996 0.09928125
4 0.60859375 0.14375 0.0203125 0.034375
4 0.653125 0.18359375 0.025 0.0453125
2 0.7326718750000001 0.248734375 0.159109375 0.181828125
3 0.82890625 0.52890625 0.1953125 0.1859375