5 0.189640625 0.30859375 0.25115625 0.3015625
5 0.869890625 0.62109375 0.25709375 0.3828125
5 0.68984375 0.26875 0.1203125 0.15
5 0.30703125 0.15234375 0.1421875 0.2046875
5 0.66328125 0.16796875 0.1453125 0.1671875
2 0.54803125 0.029656250000000002 0.078921875 0.059296875000000006
5 0.455484375 0.1796875 0.111375 0.15625
5 0.359375 0.04375 0.06875 0.0875
4 0.78275 0.3443125 0.03715625 0.055109375
4 0.866578125 0.36335937500000004 0.03871875 0.054531249999999996
4 0.910203125 0.39475 0.053234375 0.078125
4 0.82925 0.306078125 0.033703125 0.06909375
3 0.7640625 0.45859375 0.14375 0.1359375
5 0.29689062499999996 0.75965625 0.5937812499999999 0.4806875