1 0.453125 0.63828125 0.065625 0.1296875
1 0.71484375 0.503125 0.0734375 0.11875
1 0.615625 0.634375 0.0875 0.140625
1 0.89453125 0.52890625 0.0515625 0.1046875
1 0.28515625 0.19765625 0.0390625 0.0796875
1 0.9390625 0.6328125 0.08125 0.128125
1 0.54921875 0.5453125 0.0546875 0.125
1 0.3671875 0.52890625 0.059375 0.1203125
1 0.12109375 0.7828125 0.2359375 0.15
1 0.3515625 0.3703125 0.046875 0.071875
1 0.915625 0.3453125 0.0375 0.09375
1 0.80078125 0.35078125 0.0453125 0.1015625
1 0.8671875 0.32109375 0.034375 0.0828125
1 0.375 0.23359375 0.028125 0.0546875
1 0.96328125 0.4203125 0.0484375 0.109375
1 0.065625 0.8078125 0.109375 0.175
1 0.43125 0.26796875 0.01875 0.0796875
1 0.4609375 0.5234375 0.075 0.06875
1 0.40234375 0.4109375 0.0515625 0.096875