5 0.211484375 0.31796875 0.251109375 0.3109375
5 0.45414062499999996 0.41828125 0.25421875 0.3759375
5 0.375 0.78671875 0.309375 0.4234375
5 0.068515625 0.71015625 0.13703125 0.5765625
5 0.7365781250000001 0.32265625 0.18309375 0.2140625
5 0.46371874999999996 0.14921875 0.13193749999999999 0.1671875
3 0.81953125 0.4921875 0.2234375 0.24375
5 0.6113593749999999 0.134859375 0.07728125 0.10840625
5 0.3223125 0.119796875 0.12078124999999999 0.178953125
5 0.570578125 0.06015625 0.05990625000000001 0.0734375
5 0.5373125 0.04165625 0.0620625 0.063578125
5 0.9488749999999999 0.81484375 0.09912499999999999 0.3671875
4 0.97421875 0.5333593750000001 0.0515625 0.12076562500000002
4 0.8417656250000001 0.3410625 0.039765625 0.06787499999999999
3 0.8921875 0.6890625 0.2125 0.246875
3 0.0984375 0.5484375 0.10625 0.184375
5 0.4531875 0.2111875 0.12009375 0.040609374999999996
4 0.6698906250000001 0.167546875 0.019703125 0.03625
4 0.698265625 0.18815625 0.017703125 0.035078125
4 0.7221093749999999 0.20425 0.016265625 0.0229375