1 0.54375 0.74140625 0.034375 0.0828125
1 0.32578125 0.8796875 0.0421875 0.09375
1 0.871875 0.70390625 0.03125 0.0671875
1 0.49609375 0.8796875 0.0390625 0.084375
1 0.1328125 0.590625 0.03125 0.05
1 0.19609375 0.771875 0.0359375 0.071875
1 0.33203125 0.5359375 0.0171875 0.040625
1 0.8875 0.9671875 0.046875 0.0625
1 0.57890625 0.58515625 0.0203125 0.0421875
1 0.68359375 0.6421875 0.0234375 0.046875
1 0.303125 0.6375 0.025 0.053125
1 0.390625 0.57109375 0.021875 0.0484375
1 0.4453125 0.6515625 0.025 0.053125
1 0.05078125 0.5875 0.0265625 0.05625
1 0.27109375 0.5953125 0.0234375 0.04375
1 0.1953125 0.578125 0.071875 0.046875
1 0.7078125 0.5140625 0.015625 0.03125
1 0.5484375 0.65703125 0.021875 0.0390625
1 0.190625 0.63671875 0.025 0.0546875
1 0.21528125 0.527515625 0.021296875 0.03903125
1 0.2343125 0.529765625 0.020749999999999998 0.042609375
1 0.25393750000000004 0.52825 0.02046875 0.0405