5 0.15859375 0.33984375 0.2453125 0.2796875
5 0.8828125 0.60390625 0.23125 0.3546875
5 0.7390625 0.33984375 0.15625 0.2015625
5 0.43515625 0.25625 0.1109375 0.115625
5 0.62890625 0.16171875 0.0984375 0.1234375
5 0.615796875 0.10625 0.096546875 0.1125
5 0.284375 0.1765625 0.159375 0.2625
5 0.45710937500000004 0.084375 0.082640625 0.11875
4 0.73125 0.12890625 0.01875 0.0328125
4 0.8234375 0.3078125 0.021875 0.046875
4 0.76246875 0.21974999999999997 0.035609375 0.051109375
4 0.8390625 0.37578125 0.046875 0.0703125
4 0.891421875 0.37046875 0.02759375 0.08603125
3 0.45862499999999995 0.165625 0.08028125 0.078125
3 0.66640625 0.27734375 0.0953125 0.0984375
5 0.048953125 0.048359374999999996 0.09790625 0.095484375
5 0.451171875 0.656640625 0.45364062499999996 0.68671875
5 0.051125 0.6820468749999999 0.10223437500000002 0.52009375
5 0.35496875 0.047765625 0.067671875 0.09109375
5 0.95640625 0.84921875 0.0871875 0.3015625