5 0.62734375 0.2546875 0.1234375 0.15625
5 0.89296875 0.6546875 0.2109375 0.565625
5 0.0921875 0.77734375 0.184375 0.4421875
5 0.1 0.44296875 0.196875 0.2453125
5 0.4390625 0.2109375 0.121875 0.175
5 0.521875 0.12421875 0.071875 0.0984375
5 0.2421875 0.278125 0.10625 0.153125
5 0.565625 0.7640625 0.384375 0.46875
5 0.28125 0.19296875 0.075 0.0921875
5 0.30078125 0.15390625 0.0546875 0.0734375
3 0.44375 0.3390625 0.096875 0.090625
4 0.17578125 0.28671875 0.0296875 0.0484375
4 0.234375 0.1921875 0.021875 0.028125
4 0.271875 0.13203125 0.015625 0.0171875
4 0.18203125 0.209375 0.0171875 0.028125
4 0.12890625 0.31484375 0.0328125 0.0203125
5 0.43571875000000004 0.09828125 0.0873125 0.070015625