5 0.68984375 0.1546875 0.0421875 0.06875
3 0.11328125 0.36015625 0.1140625 0.0859375
5 0.774859375 0.3443125 0.09035937499999999 0.10825
5 0.20703125 0.2703125 0.1796875 0.175
5 0.54453125 0.38828125 0.2046875 0.3046875
5 0.2765625 0.69375 0.384375 0.425
5 0.6810625 0.686515625 0.362140625 0.62384375
5 0.89140625 0.26015625 0.0703125 0.0859375
2 0.846875 0.192578125 0.05625 0.075765625
5 0.6546875 0.190625 0.053125 0.078125
5 0.3453125 0.225 0.0625 0.0875
2 0.8095625 0.164265625 0.037890625 0.052734375
3 0.756515625 0.2705625 0.049484375000000004 0.047375
5 0.743328125 0.194 0.056374999999999995 0.072375
5 0.74296875 0.23359375 0.0515625 0.0734375
5 0.401953125 0.23203125 0.1109375 0.090625
5 0.54296875 0.17089062500000002 0.06171875 0.064453125
5 0.834375 0.22109375 0.05 0.0640625
3 0.780765625 0.327140625 0.0729375 0.065828125