1 0.2046875 0.74921875 0.04375 0.1390625
1 0.953125 0.81328125 0.090625 0.1765625
1 0.04296875 0.475 0.0515625 0.115625
1 0.590625 0.33125 0.046875 0.09375
1 0.31875 0.70859375 0.078125 0.1515625
1 0.653125 0.39453125 0.040625 0.0921875
1 0.809375 0.828125 0.096875 0.165625
1 0.734375 0.33984375 0.0375 0.0953125
1 0.828125 0.28515625 0.034375 0.0734375
1 0.7796875 0.4359375 0.040625 0.1125
1 0.3546875 0.49296875 0.05625 0.1109375
1 0.66640625 0.803125 0.0796875 0.175
1 0.5328125 0.3890625 0.0625 0.09375
1 0.5546875 0.79765625 0.075 0.1515625
1 0.22890625 0.37578125 0.0296875 0.0859375
1 0.72734375 0.63125 0.0328125 0.109375
1 0.10078125 0.48203125 0.0703125 0.1140625
1 0.80390625 0.171875 0.0296875 0.0625
1 0.86796875 0.30859375 0.0296875 0.0859375
1 0.43828125 0.3875 0.0484375 0.103125
1 0.90078125 0.340625 0.0234375 0.08125
1 0.49375 0.72265625 0.05625 0.1421875