4 0.090625 0.19609375 0.021875 0.0359375
4 0.03515625 0.20859375 0.0203125 0.0359375
4 0.153125 0.17734375 0.021875 0.0359375
5 0.67734375 0.0640625 0.0671875 0.08125
2 0.97109375 0.3421875 0.0546875 0.2375
2 0.2796875 0.61171875 0.453125 0.5703125
2 0.85703125 0.08359375 0.0734375 0.0578125
5 0.9421875 0.29765625 0.0375 0.1359375
3 0.7515625 0.3953125 0.13125 0.10625
3 0.75859375 0.3234375 0.0984375 0.1
5 0.76484375 0.2140625 0.1265625 0.228125
5 0.190203125 0.09568750000000001 0.30228125 0.103859375
5 0.4671875 0.36640625 0.29375 0.3828125
5 0.9359375 0.21796875 0.09375 0.1203125
5 0.64609375 0.16015625 0.0921875 0.1578125
5 0.577234375 0.228234375 0.14554687500000002 0.18771875
5 0.70859375 0.71953125 0.5796875 0.5578125