1 0.2125 0.79140625 0.078125 0.1359375
1 0.8359375 0.5046875 0.05 0.0875
1 0.28125 0.7234375 0.078125 0.115625
1 0.52421875 0.64609375 0.0609375 0.1078125
1 0.36171875 0.64921875 0.0421875 0.0953125
1 0.60234375 0.5953125 0.0640625 0.096875
1 0.28515625 0.4953125 0.0609375 0.0875
1 0.603125 0.3171875 0.025 0.05625
1 0.9203125 0.4875 0.04375 0.084375
1 0.5859375 0.475 0.05625 0.08125
1 0.4078125 0.59375 0.0375 0.090625
1 0.80234375 0.3625 0.0265625 0.0625
1 0.640625 0.3609375 0.028125 0.0625
1 0.90234375 0.3046875 0.0265625 0.05625
1 0.5265625 0.31796875 0.028125 0.0578125
1 0.7421875 0.4609375 0.04375 0.08125
1 0.49453125 0.51015625 0.0453125 0.0921875
1 0.65390625 0.26796875 0.0265625 0.0546875
1 0.63203125 0.2265625 0.0296875 0.05
1 0.1828125 0.65625 0.059375 0.103125
1 0.6796875 0.4765625 0.046875 0.084375
1 0.83515625 0.30546875 0.0234375 0.0578125
1 0.72734375 0.26640625 0.0265625 0.0546875
1 0.7703125 0.31875 0.03125 0.0625
1 0.5453125 0.26171875 0.03125 0.0515625
1 0.40625 0.47421875 0.04375 0.0546875
1 0.88046875 0.446875 0.0421875 0.08125
1 0.97421875 0.2921875 0.0296875 0.059375