5 0.365625 0.3296875 0.2375 0.25625
5 0.42578125 0.14375 0.0859375 0.153125
5 0.85234375 0.62890625 0.2921875 0.7390625
5 0.11171875 0.5859375 0.2234375 0.346875
5 0.57403125 0.76015625 0.421875 0.4796875
5 0.69453125 0.31171875 0.2109375 0.3015625
5 0.26942187500000003 0.194046875 0.11385937500000001 0.173546875
5 0.55390625 0.16875 0.0984375 0.140625
5 0.31640625 0.1015625 0.0671875 0.09375
5 0.503125 0.14375 0.065625 0.1
4 0.08828125 0.40234375 0.0390625 0.0609375
4 0.17890625 0.28984375 0.0296875 0.0515625
4 0.15234375 0.26640625 0.0234375 0.0421875
4 0.19453125 0.24765625 0.0265625 0.0390625
4 0.11875 0.36015625 0.034375 0.0640625
4 0.12890625 0.29765625 0.0328125 0.0515625
4 0.13046875 0.315625 0.0265625 0.046875
4 0.18515625 0.21328125 0.0171875 0.0328125