3 0.0640625 0.2984375 0.090625 0.0625
5 0.36875 0.19453125 0.090625 0.1015625
5 0.96015625 0.3875 0.0765625 0.15625
5 0.2640625 0.2375 0.109375 0.13125
5 0.7296875 0.27890625 0.14375 0.1890625
5 0.7125 0.565625 0.26875 0.39375
5 0.88515625 0.23671875 0.0640625 0.0828125
5 0.14921875 0.84140625 0.2984375 0.3140625
5 0.93515625 0.303125 0.0859375 0.11875
2 0.60546875 0.20390625 0.0390625 0.0734375
5 0.64453125 0.24375 0.0859375 0.121875
5 0.71796875 0.884375 0.3484375 0.228125
5 0.67890625 0.15390625 0.0515625 0.0671875
5 0.76171875 0.2046875 0.0859375 0.121875
5 0.543421875 0.22690625 0.097546875 0.142203125