5 0.65546875 0.26796875 0.1453125 0.2046875
5 0.209375 0.36484375 0.1375 0.2078125
5 0.546875 0.175 0.078125 0.10625
5 0.23125 0.234375 0.1 0.103125
5 0.43359375 0.1828125 0.1046875 0.15625
5 0.64296875 0.7734375 0.5609375 0.45
5 0.5 0.1015625 0.0625 0.08125
5 0.4703125 0.41171875 0.196875 0.2921875
5 0.28515625 0.18671875 0.0703125 0.0890625
5 0.30390625 0.14140625 0.0546875 0.0734375
3 0.453125 0.259375 0.06875 0.028125
4 0.075 0.32734375 0.03125 0.0453125
4 0.1390625 0.3171875 0.025 0.05
4 0.24453125 0.16796875 0.0234375 0.0328125
4 0.03984375 0.48671875 0.0390625 0.0765625
4 0.2921875 0.0953125 0.0125 0.01875
4 0.27421875 0.12421875 0.0140625 0.0203125
4 0.0546875 0.46875 0.1 0.115625
4 0.171875 0.26171875 0.025 0.0234375