5 0.68046875 0.2984375 0.1734375 0.2125
5 0.146796875 0.55078125 0.293609375 0.4421875
5 0.88984375 0.558921875 0.2171875 0.27590625
5 0.46171875 0.20234375 0.1328125 0.0734375
5 0.57265625 0.175 0.1265625 0.1625
5 0.50390625 0.1125 0.0734375 0.109375
5 0.235015625 0.30721875 0.13253125 0.136296875
5 0.4956875 0.403859375 0.216359375 0.34834375
5 0.44140625 0.14765625 0.1015625 0.0484375
4 0.08825 0.32065625 0.033125 0.033687499999999995
4 0.15078125 0.3171875 0.0390625 0.034375
4 0.00859375 0.51796875 0.0171875 0.0765625
5 0.43371875 0.102484375 0.08139062500000001 0.055234375