3 0.840625 0.04921875 0.028125 0.0359375
3 0.82109375 0.0375 0.0359375 0.0375
5 0.15390625 0.10546875 0.2203125 0.2078125
5 0.409375 0.390625 0.41875 0.509375
5 0.63359375 0.04140625 0.1140625 0.0828125
5 0.590625 0.75703125 0.459375 0.4828125
2 0.609375 0.1328125 0.1375 0.16875
5 0.03515625 0.12109375 0.0703125 0.1015625
5 0.95625 0.22203124999999999 0.0875 0.280921875
5 0.8828125 0.059375 0.059375 0.090625
5 0.7515625 0.02890625 0.075 0.0578125
5 0.39609375 0.05390625 0.1265625 0.1078125
2 0.91640625 0.0828125 0.0859375 0.1125
5 0.3203125 0.046875 0.05625 0.09375
5 0.7578125 0.1375 0.13125 0.165625
5 0.9230937499999999 0.135765625 0.0680625 0.106578125
5 0.759953125 0.340390625 0.21731250000000002 0.36775