1 0.5328125 0.2828125 0.03125 0.075
1 0.97265625 0.4265625 0.0515625 0.103125
1 0.1640625 0.3375 0.046875 0.090625
1 0.3046875 0.459375 0.046875 0.103125
1 0.77421875 0.384375 0.0421875 0.071875
1 0.5609375 0.7640625 0.053125 0.128125
1 0.63359375 0.29609375 0.0328125 0.0671875
1 0.20546875 0.14453125 0.0265625 0.0578125
1 0.1328125 0.275 0.034375 0.075
1 0.8734375 0.1890625 0.04375 0.06875
1 0.54140625 0.103125 0.0265625 0.053125
1 0.4359375 0.853125 0.0875 0.165625
1 0.71015625 0.38125 0.0453125 0.084375
1 0.5875 0.16484375 0.0375 0.0640625
1 0.06328125 0.25234375 0.0421875 0.0703125
1 0.08671875 0.23515625 0.0328125 0.0703125
1 0.01953125 0.5515625 0.0390625 0.11875
1 0.334375 0.35625 0.025 0.078125
1 0.43515625 0.1265625 0.0203125 0.046875
1 0.37890625 0.1890625 0.0296875 0.059375
1 0.6953125 0.7390625 0.059375 0.121875
1 0.73671875 0.84375 0.0828125 0.153125
1 0.328125 0.134375 0.025 0.053125
1 0.47578125 0.1640625 0.0171875 0.046875
1 0.94765625 0.35 0.0421875 0.090625
1 0.30546875 0.15078125 0.0203125 0.0484375
1 0.5171875 0.15234375 0.025 0.0484375
1 0.64609375 0.203125 0.0265625 0.046875
1 0.259375 0.15 0.028125 0.05
1 0.40859375 0.14296875 0.0234375 0.0484375
1 0.4203125 0.2890625 0.0375 0.078125
1 0.5 0.196875 0.03125 0.046875