4 0.85703125 0.81640625 0.0515625 0.0890625
4 0.671875 0.5734375 0.025 0.04375
4 0.7421875 0.64453125 0.03125 0.0484375
4 0.7140625 0.61484375 0.028125 0.0515625
4 0.5640625 0.45 0.015625 0.03125
4 0.603125 0.465625 0.015625 0.01875
4 0.653125 0.509375 0.015625 0.025
4 0.68203125 0.55 0.0203125 0.0375
3 0.596875 0.4953125 0.05 0.04375
3 0.93359375 0.95390625 0.1296875 0.0890625
3 0.625 0.52578125 0.0625 0.0515625
3 0.41484375 0.4609375 0.0234375 0.034375
5 0.26796875 0.72734375 0.2296875 0.3109375
5 0.559375 0.78671875 0.25 0.4234375
5 0.48984375 0.51953125 0.0921875 0.1109375
5 0.41015625 0.40859375 0.0484375 0.0703125
5 0.3828125 0.55078125 0.090625 0.1140625
5 0.434375 0.3640625 0.028125 0.04375
5 0.4806875 0.399765625 0.051984375000000006 0.053578125
5 0.3875 0.46015625 0.046875 0.0359375