5 0.69921875 0.30078125 0.2453125 0.2828125
5 0.0625 0.80390625 0.125 0.3890625
5 0.13671875 0.53984375 0.2453125 0.3546875
5 0.497328125 0.49135937500000004 0.288390625 0.592265625
5 0.86640625 0.71171875 0.2640625 0.5734375
5 0.540625 0.15234375 0.1 0.1390625
5 0.43671875 0.165625 0.0984375 0.071875
5 0.2885 0.17665625000000001 0.086390625 0.14356249999999998
5 0.44921875 0.05390625 0.0390625 0.0484375
5 0.41776562500000003 0.119125 0.07615625000000001 0.08675000000000001
3 0.23203125 0.34375 0.1078125 0.10625
4 0.084375 0.37109375 0.040625 0.0515625
4 0.14296875 0.3375 0.0359375 0.05625
4 0.01640625 0.503125 0.0328125 0.084375
4 0.178125 0.3296875 0.03125 0.053125