1 0.884375 0.93359375 0.065625 0.1296875
1 0.87890625 0.584375 0.0734375 0.121875
1 0.3 0.7140625 0.084375 0.146875
1 0.96796875 0.4140625 0.0609375 0.1
1 0.76953125 0.671875 0.0421875 0.11875
1 0.534375 0.37578125 0.028125 0.0828125
1 0.578125 0.9625 0.096875 0.071875
1 0.38125 0.32578125 0.04375 0.0984375
1 0.8796875 0.3984375 0.046875 0.103125
1 0.4578125 0.578125 0.025 0.115625
1 0.0640625 0.809375 0.115625 0.171875
1 0.3515625 0.21484375 0.034375 0.0671875
1 0.934375 0.784375 0.075 0.146875
1 0.45234375 0.425 0.0390625 0.075
1 0.3109375 0.21953125 0.034375 0.0734375
1 0.24453125 0.29609375 0.0890625 0.0828125
1 0.5859375 0.19921875 0.025 0.0609375
1 0.29921875 0.9546875 0.0859375 0.0875
1 0.7203125 0.31171875 0.021875 0.0703125
1 0.19921875 0.77890625 0.0828125 0.1453125
1 0.8140625 0.36953125 0.059375 0.0984375