5 0.6875 0.3203125 0.240625 0.28125
5 0.90859375 0.7375 0.1796875 0.51875
5 0.50234375 0.44609375 0.2359375 0.3515625
5 0.17265625 0.48984375 0.1953125 0.2921875
5 0.3078125 0.13671875 0.071875 0.1046875
5 0.55 0.15625 0.09375 0.128125
5 0.4921875 0.09453125 0.071875 0.0859375
5 0.461375 0.234703125 0.17099999999999999 0.19934375
3 0.13125 0.76015625 0.23125 0.2796875
3 0.25546875 0.31015625 0.0984375 0.0984375
3 0.21328125 0.1984375 0.0390625 0.053125
5 0.27473437500000003 0.22185937500000003 0.096359375 0.13128125
4 0.0953125 0.36640625 0.03125 0.0640625
4 0.01796875 0.39453125 0.0359375 0.0484375
4 0.0578125 0.34921875 0.028125 0.0578125
4 0.1671875 0.32421875 0.03125 0.0484375
4 0.021875 0.540625 0.04375 0.09375