5 0.684375 0.21171875 0.10625 0.1484375
5 0.31451562499999997 0.1046875 0.110296875 0.15625
5 0.6282656249999999 0.110984375 0.12020312500000001 0.173390625
5 0.434875 0.18190625 0.1521875 0.24100000000000002
5 0.4640625 0.053125 0.103125 0.09375
4 0.890625 0.53125 0.06875 0.109375
4 0.96484375 0.5890625 0.0671875 0.121875
4 0.84296875 0.38671875 0.0546875 0.0765625
4 0.81015625 0.290625 0.0359375 0.0625
4 0.74609375 0.21796875 0.0203125 0.0296875
4 0.7890625 0.49921875 0.065625 0.1109375
4 0.9046875 0.45137499999999997 0.05 0.0785
4 0.7640625 0.28671875 0.0375 0.0640625
4 0.7921875 0.2703125 0.028125 0.040625
5 0.4265625 0.4859375 0.271875 0.39375
3 0.734375 0.3703125 0.140625 0.11875
3 0.240625 0.10078125 0.046875 0.0484375