1 0.9078125 0.57265625 0.046875 0.1015625
1 0.74765625 0.3265625 0.0265625 0.075
1 0.240625 0.515625 0.059375 0.1125
1 0.35546875 0.2765625 0.0390625 0.075
1 0.4125 0.27578125 0.034375 0.0765625
1 0.55625 0.10703125 0.028125 0.0515625
1 0.57265625 0.5234375 0.0546875 0.109375
1 0.61640625 0.27578125 0.0234375 0.0640625
1 0.7796875 0.67578125 0.0375 0.1109375
1 0.6773906249999999 0.532203125 0.05625 0.1078125
1 0.4375 0.60703125 0.05625 0.1265625
1 0.64765625 0.32890625 0.0296875 0.0734375
1 0.978125 0.13828125 0.040625 0.0515625
1 0.88828125 0.16796875 0.0296875 0.0546875
1 0.6703125 0.23125 0.025 0.065625
1 0.728125 0.13828125 0.025 0.0546875
1 0.585125 0.28684375 0.0390625 0.08125
1 0.425 0.16953125 0.03125 0.0640625
1 0.78359375 0.16484375 0.0265625 0.0578125
1 0.98671875 0.24765625 0.0234375 0.0703125
1 0.290625 0.0421875 0.025 0.05
1 0.965625 0.2640625 0.040625 0.06875