5 0.25440625 0.24453125 0.193203125 0.2546875
5 0.4109375 0.5484375 0.203125 0.33125
3 0.770515625 0.4046875 0.1828125 0.203125
5 0.6997656250000001 0.2625 0.150484375 0.18125
5 0.590625 0.1046875 0.06875 0.09375
5 0.06640625 0.71015625 0.1328125 0.5734375
5 0.94375 0.8078125 0.109390625 0.38125
5 0.47528125 0.30860937499999996 0.190046875 0.28765625
5 0.053125 0.0390625 0.0625 0.078125
5 0.35234375 0.0806875 0.0828125 0.13860937499999998
5 0.3109375 0.140625 0.08125 0.125
4 0.9612343750000001 0.5265625 0.062734375 0.109375
4 0.78125 0.2828125 0.025 0.04375
4 0.88475 0.3726875 0.04715625 0.07964062499999999
4 0.91328125 0.41925 0.050749999999999997 0.09273437500000001
3 0.875 0.62578125 0.21875 0.2296875
3 0.1078125 0.48984375 0.165625 0.1796875