1 0.91015625 0.859375 0.0578125 0.084375
1 0.77734375 0.45859375 0.0296875 0.0421875
1 0.90234375 0.75078125 0.0484375 0.0703125
1 0.68203125 0.453125 0.0328125 0.04375
1 0.31015625 0.90703125 0.0828125 0.1046875
1 0.12265625 0.82109375 0.0953125 0.0890625
1 0.68984375 0.62421875 0.0515625 0.0609375
1 0.35859375 0.7125 0.0734375 0.071875
1 0.70546875 0.56640625 0.0328125 0.0421875
1 0.98515625 0.41171875 0.0234375 0.0390625
1 0.6100625 0.95859375 0.089234375 0.0828125
1 0.65625 0.5703125 0.040625 0.05625
1 0.765625 0.859375 0.053125 0.08125
1 0.78984375 0.5984375 0.0390625 0.05
1 0.421875 0.5546875 0.046875 0.05
1 0.459375 0.5015625 0.05 0.046875
1 0.8375 0.6265625 0.04375 0.05625
1 0.80625 0.88515625 0.078125 0.0703125
1 0.390625 0.6171875 0.053125 0.059375
1 0.96953125 0.5640625 0.0390625 0.05625
1 0.54109375 0.755171875 0.0646875 0.075953125
1 0.915625 0.62734375 0.0375 0.0484375
1 0.2828125 0.696875 0.065625 0.071875
1 0.9578125 0.44921875 0.021875 0.0390625
1 0.8546875 0.51171875 0.034375 0.0453125
1 0.8734375 0.5515625 0.040625 0.05
1 0.725 0.4546875 0.028125 0.04375
1 0.35703125 0.61796875 0.0515625 0.0578125
1 0.8703125 0.425 0.021875 0.0375
1 0.8375 0.4859375 0.021875 0.04375
1 0.5109375 0.5984375 0.040625 0.05625
1 0.81640625 0.53828125 0.0265625 0.0546875
1 0.5453125 0.59765625 0.046875 0.0453125
1 0.5640625 0.9265625 0.071875 0.10625
1 0.48359375 0.69453125 0.0609375 0.0765625
1 0.50390625 0.74375 0.0515625 0.084375
1 0.80703125 0.4125 0.0234375 0.040625