5 0.48984375 0.3991875 0.2578125 0.44539062500000004
5 0.859375 0.6421875 0.278125 0.7125
5 0.5453125 0.15546875 0.1 0.1265625
5 0.1296875 0.5234375 0.228125 0.315625
5 0.68359375 0.3015625 0.1359375 0.196875
5 0.42734375 0.1453125 0.0984375 0.071875
2 0.26640625 0.171875 0.0953125 0.10625
3 0.6015625 0.25859375 0.0375 0.0765625
4 0.2078125 0.2875 0.03125 0.053125
4 0.15390625 0.31015625 0.0390625 0.0609375
4 0.234375 0.23515625 0.025 0.0421875
4 0.196875 0.246875 0.025 0.0375
4 0.034375 0.48515625 0.034375 0.0703125