5 0.7171875 0.3359375 0.203125 0.26875
5 0.1609375 0.51875 0.2125 0.321875
5 0.5546875 0.665234375 0.246875 0.435171875
5 0.2765625 0.22109375 0.0875 0.1203125
5 0.228125 0.290625 0.1125 0.10625
5 0.5015625 0.440265625 0.221875 0.26009375
4 0.13984375 0.3234375 0.0296875 0.053125
4 0.209375 0.22578125 0.021875 0.0390625
4 0.021875 0.39453125 0.04375 0.0640625
3 0.59453125 0.25 0.0515625 0.065625
3 0.275 0.409375 0.053125 0.103125
5 0.437796875 0.164171875 0.08484375 0.123859375
5 0.52665625 0.1483125 0.07914062499999999 0.1
5 0.6843281250000001 0.943421875 0.37879687500000003 0.113171875