5 0.314203125 0.11476562500000001 0.128390625 0.176390625
5 0.42390625000000004 0.44434375 0.276828125 0.4140625
5 0.15175 0.37403125 0.303515625 0.4363125
5 0.46939062500000006 0.16328125 0.157546875 0.1828125
5 0.46782812500000004 0.040625 0.06396874999999999 0.065625
2 0.0456875 0.04765625 0.09135937499999999 0.0953125
4 0.81484375 0.403125 0.0515625 0.090625
4 0.80859375 0.63125 0.0734375 0.146875
4 0.9125 0.440625 0.05625 0.1
4 0.675 0.20078125 0.028125 0.0515625
4 0.744578125 0.462828125 0.057921875 0.11001562499999999
4 0.6956562500000001 0.1744375 0.019078125 0.048671874999999996
4 0.66171875 0.140625 0.0171875 0.025
2 0.9578125 0.65625 0.08125 0.375
3 0.42734375 0.9109375 0.2984375 0.175
5 0.35271875 0.051546875000000006 0.069703125 0.10307812499999999