5 0.09453125 0.72421875 0.1890625 0.5140625
5 0.76640625 0.38203125 0.3234375 0.4265625
5 0.540625 0.592921875 0.3625 0.68603125
5 0.45625 0.19765625 0.14375 0.1265625
5 0.60390625 0.92890625 0.4421875 0.1390625
5 0.5390625 0.14765625 0.1125 0.1515625
4 0.11640625 0.33671875 0.0359375 0.0640625
5 0.284390625 0.21560937500000002 0.0705 0.097859375
4 0.25234375 0.1546875 0.0203125 0.03125
4 0.1625 0.31484375 0.0375 0.0578125
4 0.20703125 0.21484375 0.0171875 0.0390625
4 0.00703125 0.4625 0.0140625 0.0375
4 0.0546875 0.465625 0.05 0.025
4 0.00625 0.4015625 0.0125 0.05
4 0.27421875 0.15390625 0.0109375 0.0234375
3 0.2 0.45390625 0.1375 0.1515625
3 0.2453125 0.334375 0.103125 0.103125
5 0.24485937500000002 0.251125 0.09596875 0.10482812500000001
5 0.304109375 0.153078125 0.06365625 0.08446875000000001
2 0.27135937499999996 0.0853125 0.0455 0.056937499999999995
5 0.4243125 0.11309374999999999 0.0809375 0.048890625