5 0.06953125 0.70546875 0.1390625 0.3953125
5 0.9375 0.72578125 0.121875 0.5453125
5 0.61640625 0.225 0.1390625 0.1625
5 0.42734375 0.18359375 0.1015625 0.1484375
5 0.4671875 0.29375 0.121875 0.13125
5 0.54765625 0.165625 0.0796875 0.115625
5 0.3046875 0.15078125 0.05625 0.0828125
2 0.1953125 0.3515625 0.171875 0.203125
2 0.21640625 0.1734375 0.0890625 0.10625
3 0.48125 0.38671875 0.134375 0.1140625
5 0.611140625 0.711796875 0.49159375 0.57640625
3 0.81328125 0.54140625 0.1484375 0.1890625
5 0.26421875 0.250140625 0.1003125 0.13574999999999998