5 0.8765625 0.6890625 0.24375 0.5625
5 0.2125 0.47109375 0.175 0.2890625
5 0.72109375 0.36796875 0.2015625 0.2296875
5 0.0328125 0.86328125 0.065625 0.2703125
5 0.59765625 0.2140625 0.1640625 0.225
5 0.24765625 0.3109375 0.1171875 0.134375
5 0.68984375 0.72578125 0.5859375 0.5453125
5 0.49296875 0.3234375 0.2328125 0.334375
5 0.42265625 0.12421875 0.0953125 0.0890625
4 0.10625 0.75703125 0.071875 0.1234375
4 0.10703125 0.33984375 0.0296875 0.0515625
4 0.08515625 0.51796875 0.0453125 0.0796875
4 0.0203125 0.54375 0.040625 0.090625
4 0.12109375 0.396875 0.0265625 0.053125
4 0.0453125 0.4578125 0.046875 0.075