5 0.66875 0.28125 0.234375 0.30625
5 0.83984375 0.70234375 0.3171875 0.5921875
3 0.0828125 0.84609375 0.165625 0.3046875
5 0.21015625 0.36796875 0.1453125 0.2140625
5 0.4859375 0.3953125 0.23125 0.4375
5 0.56171875 0.17421875 0.1015625 0.1171875
5 0.109375 0.63046875 0.21875 0.3921875
5 0.5015625 0.1140625 0.084375 0.121875
5 0.43046875 0.13515625 0.0921875 0.1015625
4 0.0765625 0.415625 0.0375 0.0625
4 0.1296875 0.3359375 0.0375 0.059375
3 0.1921875 0.51015625 0.11875 0.1671875
5 0.26415625 0.277796875 0.09359375 0.111109375
5 0.302828125 0.1385 0.0478125 0.06118749999999999
5 0.28084375 0.217015625 0.077359375 0.07728125