5 0.22743750000000001 0.35 0.14315625 0.2
5 0.08828125 0.6921875 0.1765625 0.446875
5 0.88046875 0.59296875 0.2359375 0.6265625
5 0.5859375 0.19765625 0.1125 0.1484375
5 0.573125 0.6481250000000001 0.255609375 0.40560937499999994
5 0.29765625 0.17890625 0.0671875 0.0953125
5 0.4796875 0.2921875 0.159375 0.10625
5 0.49484374999999997 0.43903125000000004 0.166109375 0.2670625
4 0.1109375 0.38515625 0.034375 0.0578125
4 0.149578125 0.35553124999999997 0.036640624999999996 0.06079687499999999
4 0.03984375 0.4515625 0.0453125 0.053125
4 0.20625 0.2328125 0.021875 0.040625
4 0.16484375 0.2890625 0.027984375 0.040625
4 0.134375 0.31640625 0.025 0.0390625
5 0.26228125 0.22578125 0.0848125 0.0640625
5 0.477984375 0.834125 0.507609375 0.33175
5 0.42592187499999995 0.125796875 0.07365625 0.099515625
5 0.4998125 0.110421875 0.064671875 0.076953125