1 0.1125 0.940625 0.096875 0.08125
1 0.57109375 0.8265625 0.0546875 0.078125
1 0.43046875 0.96328125 0.0515625 0.0703125
1 0.1953125 0.7140625 0.05625 0.059375
1 0.2078125 0.57109375 0.03125 0.0390625
1 0.32890625 0.6703125 0.0453125 0.059375
1 0.42890625 0.8265625 0.0546875 0.071875
1 0.30625 0.796875 0.053125 0.0875
1 0.47109375 0.49375 0.0265625 0.034375
1 0.65546875 0.56875 0.0203125 0.04375
1 0.57734375 0.67421875 0.0421875 0.0609375
1 0.234375 0.6515625 0.04375 0.053125
1 0.4234375 0.44765625 0.025 0.0296875
1 0.66015625 0.659375 0.0359375 0.05625
1 0.37734375 0.8109375 0.0515625 0.071875
1 0.1609375 0.51640625 0.03125 0.0359375
1 0.4046875 0.63203125 0.040625 0.0515625
1 0.3359375 0.590625 0.03125 0.0375
1 0.1921875 0.64296875 0.040625 0.0453125
1 0.190625 0.5125 0.028125 0.03125
1 0.23125 0.521875 0.028125 0.034375
1 0.27734375 0.53671875 0.0328125 0.0390625
1 0.509375 0.46015625 0.01875 0.0359375
1 0.42265625 0.509375 0.0265625 0.034375
1 0.51796875 0.60859375 0.0265625 0.0453125
1 0.77890625 0.6078125 0.0265625 0.05625