5 0.4234375 0.371875 0.2375 0.409375
5 0.12890625 0.58359375 0.2578125 0.7734375
5 0.33984375 0.09765625 0.0578125 0.0828125
5 0.451796875 0.09453125 0.10579687499999998 0.1515625
5 0.23562500000000003 0.2484375 0.168125 0.26875
5 0.353125 0.05703125 0.0625 0.0828125
4 0.7328125 0.24609375 0.034375 0.0578125
4 0.787390625 0.41332812499999994 0.050234375 0.09521874999999999
4 0.65234375 0.10625 0.0171875 0.028125
4 0.90859375 0.490625 0.0546875 0.1125
4 0.69921875 0.1984375 0.0265625 0.0375
2 0.56953125 0.0609375 0.0828125 0.096875