1 0.37109375 0.91796875 0.0765625 0.0921875
1 0.62734375 0.78828125 0.0578125 0.0796875
1 0.11484375 0.928125 0.1078125 0.096875
1 0.21875 0.84765625 0.08125 0.0796875
1 0.55390625 0.559375 0.0390625 0.04375
1 0.546875 0.69375 0.03125 0.053125
1 0.72890625 0.52265625 0.0328125 0.0390625
1 0.79375 0.4984375 0.028125 0.03125
1 0.85 0.58984375 0.03125 0.0421875
1 0.60546875 0.565625 0.0265625 0.034375
1 0.41871875000000003 0.633421875 0.0421875 0.0578125
1 0.82421875 0.56953125 0.0265625 0.0359375
1 0.828125 0.8171875 0.059375 0.08125
1 0.45390625 0.69765625 0.0359375 0.0484375
1 0.76015625 0.5875 0.0296875 0.04375
1 0.696875 0.51484375 0.03125 0.0390625
1 0.8875 0.590625 0.028125 0.046875
1 0.7171875 0.66328125 0.03125 0.0453125
1 0.74921875 0.67265625 0.0359375 0.0453125
1 0.45078125 0.75390625 0.0703125 0.0765625
1 0.609375 0.6453125 0.046875 0.0625
1 0.89375 0.8609375 0.053125 0.0875
1 0.72734375 0.74609375 0.0484375 0.0703125
1 0.46875 0.8078125 0.0625 0.05
1 0.73671875 0.8140625 0.0640625 0.096875
1 0.47265625 0.92109375 0.0734375 0.0796875
1 0.5828125 0.6125 0.03125 0.046875
1 0.9484375 0.590625 0.03125 0.046875
1 0.92109375 0.68359375 0.0328125 0.0484375
1 0.954078125 0.865984375 0.053234375 0.0948125
1 0.6741875 0.679359375 0.050640624999999995 0.061671875
1 0.161859375 0.8145468749999999 0.09276562499999999 0.088765625