5 0.3296875 0.14296875 0.11875 0.1734375
5 0.49471875 0.2671875 0.1078125 0.153125
5 0.26484375 0.2765625 0.1609375 0.275
5 0.4381875 0.40078125 0.173640625 0.2203125
5 0.4586875 0.5765625 0.24825 0.221875
5 0.11875 0.57265625 0.2375 0.7234375
5 0.594625 0.08251562500000001 0.064265625 0.080671875
5 0.465421875 0.18334375 0.112109375 0.18643749999999998
5 0.35 0.034375 0.078125 0.053125
5 0.45459375 0.07943750000000001 0.08104687499999999 0.142859375
4 0.81875 0.45559374999999996 0.053125 0.1044375
4 0.8055937500000001 0.3753125 0.039625 0.060203125
4 0.940046875 0.56515625 0.07384375 0.1290625
4 0.73125 0.22890625 0.028125 0.0390625
4 0.9140625 0.46875 0.05 0.0875
4 0.759671875 0.21784374999999997 0.028703125000000003 0.054125
4 0.73203125 0.30234375 0.0390625 0.0640625
4 0.77734375 0.25390625 0.0203125 0.0328125
4 0.86875 0.36028125 0.04375 0.07943750000000001
3 0.90078125 0.75078125 0.1953125 0.2359375
3 0.65546875 0.21875 0.0859375 0.071875
4 0.97934375 0.533375 0.041296875 0.11560937499999999