5 0.75859375 0.34609375 0.3328125 0.4046875
5 0.16484375 0.4375 0.1734375 0.2625
5 0.565625 0.1921875 0.13125 0.203125
5 0.05703125 0.8140625 0.1140625 0.36875
5 0.438796875 0.192265625 0.118234375 0.2064375
5 0.20703125 0.3234375 0.0953125 0.121875
5 0.26015625 0.271875 0.0984375 0.1375
5 0.2984375 0.14765625 0.065625 0.0890625
4 0.02890625 0.4515625 0.0421875 0.071875
4 0.07890625 0.396875 0.0328125 0.06875
4 0.00546875 0.47109375 0.0109375 0.0796875
5 0.650203125 0.71265625 0.67478125 0.5746875