5 0.5671875 0.17265625 0.140625 0.1828125
5 0.3359375 0.41484375 0.25 0.3578125
5 0.65546875 0.77421875 0.5015625 0.4484375
5 0.4375 0.184375 0.06875 0.096875
5 0.46328125 0.0671875 0.0515625 0.065625
5 0.3046875 0.14375 0.06875 0.084375
5 0.41171875 0.0984375 0.0546875 0.06875
5 0.2828125 0.17109375 0.065625 0.0578125
3 0.1015625 0.9515625 0.203125 0.09375
3 0.53203125 0.3359375 0.1234375 0.103125
3 0.48515625 0.11796875 0.0359375 0.0421875
4 0.11015625 0.425 0.0515625 0.078125
4 0.1765625 0.42421875 0.040625 0.0703125
4 0.0546875 0.4640625 0.05 0.08125
4 0.1625 0.340625 0.0375 0.05625
4 0.196875 0.31328125 0.028125 0.0546875
4 0.05 0.40078125 0.04375 0.0671875