5 0.690625 0.29453125 0.175 0.2390625
5 0.1328125 0.51171875 0.18125 0.3046875
5 0.5583750000000001 0.15584375 0.111375 0.1633125
5 0.25690625 0.3444375 0.195078125 0.260734375
5 0.46015625 0.25 0.1046875 0.1
5 0.52265625 0.47578125 0.2328125 0.3859375
5 0.95859375 0.734375 0.0796875 0.528125
5 0.26015625 0.21328125 0.1015625 0.0609375
4 0.14765625 0.321875 0.0296875 0.05625
4 0.02578125 0.46328125 0.0421875 0.0796875
5 0.7284531249999999 0.88396875 0.42251562500000006 0.2320625
5 0.06659375 0.764484375 0.13159375 0.47103124999999996
5 0.497984375 0.10415624999999999 0.054015625 0.07715625000000001
5 0.44643750000000004 0.17906249999999999 0.07165625 0.055281250000000004
5 0.4335 0.157703125 0.07790625 0.079
5 0.415421875 0.098390625 0.058359375000000005 0.076671875