5 0.73203125 0.3265625 0.1765625 0.209375
5 0.4125 0.50625 0.21875 0.34375
5 0.12734375 0.47734375 0.2546875 0.4421875
4 0.87265625 0.653125 0.0828125 0.128125
4 0.60078125 0.14784375 0.0234375 0.041828125
4 0.8296875 0.35 0.028125 0.05625
4 0.65934375 0.1734375 0.027109375 0.046875
4 0.684921875 0.2078125 0.02703125 0.0375
4 0.57175 0.1171875 0.022109375 0.0375
4 0.888875 0.36921875000000004 0.027765625 0.0834375
4 0.86328125 0.40546875 0.0421875 0.0484375
4 0.6873750000000001 0.14846874999999998 0.018046875 0.034453125
4 0.97578125 0.488875 0.0484375 0.1046875
4 0.9057656250000001 0.5472812499999999 0.060343749999999995 0.1273125
4 0.70859375 0.17734375 0.0234375 0.0328125
4 0.64375 0.140625 0.021875 0.03125
4 0.85703125 0.51171875 0.0609375 0.0734375
5 0.29946875 0.146875 0.13954687500000001 0.184375
5 0.4734375 0.2046875 0.11875 0.1625
5 0.45390625 0.12871875 0.0984375 0.12692187500000002
5 0.57265625 0.053125 0.0546875 0.071875
5 0.337203125 0.07890625 0.09003125 0.1578125
5 0.45703125 0.0421875 0.0859375 0.0625