5 0.8421875 0.47734375 0.3125 0.4765625
5 0.603125 0.22109375 0.1875 0.2203125
5 0.45859375 0.28828125 0.1203125 0.1671875
5 0.41328125 0.12109375 0.0703125 0.1203125
5 0.2078125 0.41484375 0.15 0.2140625
5 0.23125 0.309375 0.11875 0.159375
2 0.29375 0.15390625 0.071875 0.0921875
5 0.69453125 0.77734375 0.6109375 0.4453125
5 0.24921875 0.23125 0.1171875 0.084375
2 0.02265625 0.51328125 0.0453125 0.2984375
5 0.4859375 0.08984375 0.05625 0.078125
4 0.06953125 0.43359375 0.0484375 0.0734375
4 0.075 0.34453125 0.03125 0.0484375
4 0.11171875 0.31015625 0.0296875 0.0484375
4 0.13984375 0.33828125 0.0296875 0.0546875
3 0.5046875 0.425 0.125 0.125
3 0.546875 0.5296875 0.190625 0.1