3 0.503125 0.38359375 0.128125 0.1015625
3 0.11484375 0.17421875 0.0734375 0.0453125
3 0.971875 0.3625 0.053125 0.1125
3 0.9390625 0.2578125 0.075 0.065625
3 0.90625 0.2 0.053125 0.053125
3 0.9921875 0.43046875 0.0125 0.0796875
3 0.9609375 0.290625 0.075 0.09375
5 0.32578125 0.559375 0.3078125 0.31875
5 0.575 0.246875 0.146875 0.1875
5 0.7296875 0.353125 0.13125 0.1875
5 0.07734375 0.23671875 0.1265625 0.1203125
5 0.9078125 0.1515625 0.065625 0.075
5 0.95859375 0.20390625 0.0640625 0.0734375
5 0.78671875 0.29140625 0.1046875 0.1640625
5 0.6359375 0.12890625 0.096875 0.1546875
5 0.75078125 0.14140625 0.0890625 0.0765625
5 0.25546875 0.14921875 0.145296875 0.139078125
2 0.828125 0.07421875 0.05 0.0671875
5 0.63359375 0.7171875 0.5671875 0.5625
5 0.8776406250000001 0.110625 0.088453125 0.113125
5 0.761125 0.08401562500000001 0.07535937499999999 0.047593750000000004
5 0.73046875 0.2251875 0.0890625 0.06839062500000001
5 0.32423437499999996 0.159421875 0.1109375 0.11253125
5 0.741015625 0.18203125 0.080359375 0.056125
5 0.745140625 0.03553125 0.047859374999999996 0.039359375