5 0.1546875 0.69609375 0.253125 0.3234375
5 0.63671875 0.271875 0.1140625 0.1375
5 0.5515625 0.17109375 0.121875 0.1265625
5 0.220796875 0.3334375 0.14590625 0.21182812499999998
5 0.91796875 0.58984375 0.1609375 0.3984375
5 0.2875 0.1703125 0.08125 0.121875
5 0.4546875 0.21328125 0.128125 0.0515625
5 0.1765625 0.43046875 0.19375 0.2453125
5 0.5370625 0.43224999999999997 0.31648437500000004 0.401109375
5 0.05546875 0.85546875 0.1109375 0.2859375
5 0.478125 0.08671875 0.05 0.0671875
5 0.25859375 0.253125 0.0984375 0.13125
5 0.418453125 0.132375 0.07871875 0.125859375
4 0.025 0.53359375 0.05 0.0859375
4 0.0734375 0.38359375 0.04375 0.0578125
4 0.07265625 0.28671875 0.0171875 0.0296875
4 0.05703125 0.459375 0.0546875 0.0875
5 0.694625 0.8005156250000001 0.610765625 0.398953125