5 0.13828125 0.6 0.2546875 0.38125
5 0.64296875 0.2484375 0.1484375 0.184375
5 0.5640625 0.17421875 0.109375 0.1390625
5 0.76328125 0.40234375 0.1265625 0.2203125
5 0.45703125 0.2828125 0.1359375 0.159375
5 0.85 0.6125 0.296875 0.64375
2 0.565625 0.6640625 0.390625 0.653125
3 0.2359375 0.425 0.134375 0.128125
5 0.26171875 0.255453125 0.0859375 0.13596875
4 0.01640625 0.46875 0.0328125 0.075
4 0.20390625 0.23203125 0.0265625 0.0421875
4 0.1171875 0.38828125 0.04375 0.0609375
4 0.07421875 0.4359375 0.0421875 0.0625
5 0.6350156250000001 0.33334375 0.127421875 0.166140625