5 0.22921874999999997 0.24500000000000002 0.23343750000000002 0.338125
5 0.0703125 0.7234375 0.140625 0.55
5 0.45203125 0.8078125 0.36343749999999997 0.384375
5 0.446875 0.15078125 0.128125 0.1796875
5 0.46640625 0.41875 0.2484375 0.365625
5 0.3580625 0.05096874999999999 0.048109374999999996 0.0636875
5 0.4484375 0.0328125 0.08125 0.065625
4 0.9328125 0.72890625 0.08125 0.1578125
4 0.67265625 0.25634375 0.0328125 0.05828124999999999
4 0.639796875 0.139203125 0.025374999999999998 0.042562499999999996
4 0.925 0.575171875 0.06875 0.112140625
4 0.73809375 0.263 0.0386875 0.061484375
4 0.6921875 0.17365625 0.021875 0.033921875000000004
2 0.55234375 0.0484375 0.0828125 0.0875