5 0.9109375 0.775 0.175 0.446875
5 0.24703124999999998 0.218609375 0.21974999999999997 0.277671875
5 0.59921875 0.1140625 0.0734375 0.1
5 0.46328125 0.45 0.2765625 0.421875
5 0.46224999999999994 0.056343750000000005 0.091140625 0.0998125
5 0.5844375 0.06281250000000001 0.09048437499999999 0.1171875
5 0.3506875 0.0546875 0.076375 0.109375
5 0.0609375 0.02421875 0.04375 0.0421875
4 0.83046875 0.327015625 0.0421875 0.070984375
4 0.678859375 0.22554687499999998 0.03803125 0.05582812499999999
4 0.759578125 0.2310625 0.030296875 0.0573125
4 0.7953125 0.28975 0.034375 0.06275
4 0.92265625 0.436125 0.053640625 0.09651562500000001
4 0.659921875 0.15540625 0.02296875 0.043
4 0.717828125 0.236 0.02996875 0.031125000000000003
4 0.7429218750000001 0.205078125 0.026484374999999998 0.05546875
2 0.459984375 0.163296875 0.12065624999999999 0.16715625
3 0.71640625 0.30703125 0.1296875 0.1140625
3 0.209375 0.13929687500000001 0.0538125 0.070359375