5 0.67109375 0.3015625 0.1984375 0.253125
5 0.1109375 0.66328125 0.221875 0.4171875
5 0.56484375 0.18671875 0.0984375 0.1453125
5 0.443484375 0.21740624999999997 0.134375 0.22362500000000002
5 0.2421875 0.30546875 0.109375 0.1453125
5 0.9765625 0.7671875 0.04375 0.4625
5 0.0578125 0.8921875 0.115625 0.2125
5 0.40859375 0.07734375 0.0609375 0.0640625
4 0.05859375 0.3390625 0.0328125 0.05625
4 0.15 0.346875 0.0375 0.059375
3 0.21015625 0.45 0.1484375 0.15625
5 0.28271875 0.23118750000000002 0.078328125 0.118875