1 0.49375 0.828125 0.040625 0.090625
1 0.74453125 0.859375 0.0421875 0.0875
1 0.8609375 0.86328125 0.04375 0.0890625
1 0.9 0.671875 0.040625 0.0625
1 0.35234375 0.60234375 0.0265625 0.0578125
1 0.18515625 0.66171875 0.0296875 0.0578125
1 0.89765625 0.84375 0.0265625 0.0625
1 0.284375 0.49765625 0.015625 0.0359375
1 0.30546875 0.58984375 0.0234375 0.0484375
1 0.67890625 0.6390625 0.0328125 0.053125
1 0.4015625 0.50859375 0.01875 0.0328125
1 0.5640625 0.553125 0.021875 0.040625
1 0.50390625 0.553125 0.0234375 0.0375
1 0.13359375 0.590625 0.0296875 0.05
1 0.1890625 0.575 0.06875 0.046875
1 0.44296875 0.60234375 0.0234375 0.0421875
1 0.3984375 0.6609375 0.028125 0.05625
1 0.1609375 0.6359375 0.028125 0.053125
1 0.246875 0.56953125 0.01875 0.0421875
1 0.34573437500000004 0.522078125 0.024875 0.0380625
1 0.44749999999999995 0.53584375 0.0225 0.038859375