1 0.85390625 0.8953125 0.0578125 0.10625
1 0.94140625 0.8015625 0.0546875 0.084375
1 0.3140625 0.903125 0.078125 0.084375
1 0.33515625 0.7703125 0.0640625 0.078125
1 0.74609375 0.69765625 0.0515625 0.0609375
1 0.5859375 0.66328125 0.046875 0.0640625
1 0.303125 0.6671875 0.06875 0.0625
1 0.39375 0.78125 0.065625 0.071875
1 0.47109375 0.8171875 0.0859375 0.08125
1 0.7875 0.52421875 0.03125 0.0484375
1 0.75078125 0.4640625 0.0265625 0.0375
1 0.721875 0.559375 0.03125 0.053125
1 0.61875 0.74296875 0.0625 0.0703125
1 0.6671875 0.66484375 0.05 0.0609375
1 0.96640625 0.6140625 0.0390625 0.040625
1 0.87265625 0.58125 0.0578125 0.053125
1 0.55546875 0.53203125 0.0359375 0.0421875
1 0.52578125 0.525 0.0359375 0.040625
1 0.96578125 0.49359374999999994 0.0234375 0.0390625
1 0.87421875 0.4734375 0.0296875 0.04375
1 0.56171875 0.62421875 0.0390625 0.0515625
1 0.50703125 0.603125 0.0484375 0.05625
1 0.66640625 0.5609375 0.0359375 0.05625
1 0.6390625 0.5359375 0.028125 0.040625
1 0.80078125 0.4875 0.0203125 0.03125
1 0.42265625 0.59921875 0.0484375 0.0515625
1 0.91015625 0.48046875 0.0265625 0.0390625
1 0.453125 0.596875 0.05 0.05625
1 0.68671875 0.60859375 0.0359375 0.0484375