4 0.215625 0.103125 0.015625 0.028125
4 0.259375 0.0890625 0.015625 0.028125
4 0.29453125 0.07734375 0.0140625 0.0234375
4 0.32109375 0.06875 0.0140625 0.021875
5 0.6546875 0.0203125 0.06875 0.040625
3 0.96875 0.3234375 0.059375 0.09375
3 0.35625 0.0546875 0.040625 0.034375
3 0.4578125 0.01640625 0.028125 0.0328125
3 0.82265625 0.05546875 0.0234375 0.0296875
3 0.52734375 0.03828125 0.0328125 0.0390625
5 0.08125 0.17154687500000002 0.1625 0.184375
5 0.36953125 0.446875 0.4515625 0.596875
5 0.5984375 0.16484375 0.128125 0.2171875
5 0.67578125 0.58359375 0.2078125 0.3109375
5 0.740625 0.25546875 0.13125 0.1953125
5 0.9625 0.21875 0.071875 0.121875
5 0.56015625 0.8703125 0.4203125 0.25625
5 0.74971875 0.03153125 0.0650625 0.0619375
5 0.42507812500000003 0.07357812500000001 0.0703125 0.059375
5 0.936359375 0.146 0.127265625 0.176734375
2 0.65625 0.08884375 0.078125 0.1109375
2 0.8796875 0.078125 0.084375 0.09375
5 0.76384375 0.099359375 0.09048437499999999 0.1109375
5 0.7717968749999999 0.15921875000000002 0.115484375 0.178421875