4 0.00703125 0.32890625 0.0140625 0.0546875
4 0.05828124999999999 0.304734375 0.0196875 0.034265625
3 0.959375 0.45 0.034375 0.090625
3 0.38203125 0.20625 0.0296875 0.0375
5 0.23984375 0.7109375 0.4796875 0.575
2 0.69765625 0.85859375 0.4765625 0.2796875
5 0.45703125 0.51484375 0.2328125 0.3046875
5 0.721875 0.5875 0.28125 0.31875
5 0.7671875 0.33046875 0.146875 0.2109375
5 0.5450468749999999 0.37507812500000004 0.182125 0.2640625
5 0.859375 0.21875 0.05 0.0625
5 0.61796875 0.28359375 0.0890625 0.1203125
5 0.6859375 0.1328125 0.034375 0.04375
5 0.8984375 0.2546875 0.0625 0.078125
5 0.759375 0.18984375 0.075 0.0765625
5 0.66015625 0.22109375 0.0453125 0.0640625
5 0.66953125 0.19375 0.0390625 0.046875
2 0.34296875 0.21484375 0.0671875 0.0828125
2 0.94921875 0.346875 0.0984375 0.175
5 0.83046875 0.19921875 0.0515625 0.0578125
5 0.46328125 0.17109375 0.0734375 0.0765625
5 0.730953125 0.133421875 0.03509375 0.041578125
5 0.3953125 0.178125 0.05 0.053125
5 0.93671875 0.30078125 0.0984375 0.1171875
5 0.98515625 0.46328125 0.0265625 0.2078125
4 0.150859375 0.27754687499999997 0.020265625000000002 0.033
4 0.1995625 0.258375 0.01453125 0.028000000000000004
4 0.07670312500000001 0.2930625 0.017781250000000002 0.028640624999999996