5 0.23314062500000002 0.25764062499999996 0.24128124999999997 0.356609375
5 0.45390625 0.121875 0.1109375 0.175
5 0.4390625 0.4046875 0.178125 0.24375
5 0.4328125 0.75859375 0.325 0.4796875
5 0.3640625 0.027515625 0.05625 0.055015625
3 0.80625 0.45703125 0.19375 0.1984375
5 0.054234375 0.04453125 0.0793125 0.0890625
5 0.61796875 0.14765625 0.0953125 0.1109375
5 0.10792187499999999 0.6546875 0.21584374999999997 0.690625
4 0.824203125 0.31970312500000003 0.03790625 0.074515625
4 0.752484375 0.253609375 0.027718749999999997 0.044187500000000005
4 0.795875 0.27523437500000003 0.0355 0.06796875
4 0.7140625 0.1875 0.025 0.034375
4 0.96171875 0.542796875 0.0734375 0.109265625
4 0.915828125 0.4546875 0.033375 0.05625
4 0.738984375 0.20384375000000002 0.024859375 0.04259375
3 0.6671875 0.24140625 0.09375 0.0765625