5 0.4828125 0.3046875 0.190625 0.321875
5 0.19921875 0.30546875 0.1234375 0.1734375
5 0.5921875 0.20703125 0.184375 0.2203125
5 0.4734375 0.0765625 0.065625 0.08125
5 0.840625 0.61875 0.315625 0.7625
5 0.4 0.0546875 0.040625 0.040625
2 0.51640625 0.115625 0.0734375 0.0625
5 0.41796875 0.12265625 0.0671875 0.0609375
2 0.09921875 0.5203125 0.1984375 0.365625
3 0.2765625 0.15390625 0.05 0.0203125
5 0.403625 0.08515625 0.0421875 0.0296875
5 0.314640625 0.112171875 0.044078125 0.0486875
5 0.27414062499999997 0.22707812500000002 0.081578125 0.123953125