1 0.20625 0.94609375 0.065625 0.0953125
1 0.6953125 0.859375 0.053125 0.084375
1 0.42265625 0.903125 0.0609375 0.09375
1 0.80078125 0.8625 0.0484375 0.096875
1 0.68203125 0.696875 0.0296875 0.05
1 0.7671875 0.771875 0.04375 0.078125
1 0.4296875 0.8015625 0.053125 0.06875
1 0.646875 0.67265625 0.0375 0.0640625
1 0.6234375 0.61171875 0.025 0.0515625
1 0.14375 0.815625 0.059375 0.0875
1 0.82734375 0.51953125 0.0203125 0.0390625
1 0.8421875 0.5953125 0.028125 0.053125
1 0.5671875 0.57890625 0.025 0.0515625
1 0.459375 0.72734375 0.034375 0.0546875
1 0.75859375 0.65546875 0.0328125 0.0609375
1 0.80625 0.60703125 0.028125 0.0546875
1 0.43359375 0.6796875 0.0359375 0.059375
1 0.7046875 0.58046875 0.021875 0.0453125
1 0.553125 0.55234375 0.01875 0.0421875
1 0.87265625 0.609375 0.0265625 0.05625
1 0.6765625 0.60703125 0.028125 0.0515625
1 0.98828125 0.50078125 0.0171875 0.0421875
1 0.86953125 0.48359375 0.0171875 0.0328125
1 0.7625 0.58984375 0.028125 0.0359375