5 0.46015625 0.3328125 0.2015625 0.315625
5 0.15042187499999998 0.39375 0.300828125 0.425
5 0.292625 0.15703125 0.160265625 0.2546875
5 0.45679687500000005 0.07015625 0.060484375 0.081578125
5 0.3515625 0.0375 0.0625 0.075
4 0.9015625 0.5515625 0.071875 0.125
4 0.9671875 0.64296875 0.0625 0.1453125
4 0.915078125 0.411953125 0.054031249999999996 0.073921875
4 0.7703125 0.25129687500000003 0.034375 0.06301562499999999
4 0.86484375 0.36484375 0.0484375 0.0828125
2 0.665625 0.184375 0.15 0.175
5 0.54609375 0.03984375 0.0546875 0.0671875
3 0.725 0.36796875 0.14375 0.1265625