5 0.90390625 0.66875 0.1890625 0.390625
5 0.6984375 0.33984375 0.2 0.2328125
5 0.18359375 0.39296875 0.1640625 0.2296875
5 0.5515625 0.6390625 0.275 0.3125
5 0.0375 0.9 0.075 0.196875
5 0.26484375 0.23828125 0.0921875 0.1359375
5 0.11875 0.578125 0.2375 0.409375
5 0.50028125 0.106734375 0.083796875 0.105265625
5 0.62265625 0.2421875 0.1015625 0.1375
5 0.4328125 0.17109375 0.1 0.1609375
5 0.51640625 0.4046875 0.2046875 0.196875
2 0.253125 0.19375 0.115625 0.121875
5 0.68671875 0.88203125 0.6171875 0.2328125
3 0.45234375 0.26484375 0.0796875 0.0671875
3 0.5625 0.228125 0.025 0.065625
4 0.16171875 0.24453125 0.0296875 0.0578125
4 0.071875 0.2796875 0.01875 0.040625