5 0.1515625 0.365625 0.303125 0.5
5 0.2883125 0.17181249999999998 0.12662500000000002 0.157734375
5 0.46659375000000003 0.19634374999999998 0.157421875 0.2538125
5 0.3363125 0.095578125 0.08825 0.16365625
5 0.43203125 0.82421875 0.3765625 0.3484375
5 0.45390625 0.0359375 0.0828125 0.071875
4 0.76953125 0.38671875 0.0515625 0.0890625
4 0.965625 0.928125 0.065625 0.140625
4 0.8578125 0.5359375 0.065625 0.1125
4 0.973984375 0.5246875 0.052031249999999994 0.116234375
4 0.761671875 0.30012500000000003 0.025328125 0.0421875
4 0.86221875 0.34328125 0.038078125000000004 0.0728125
4 0.96484375 0.70234375 0.0671875 0.1578125
4 0.7985781249999999 0.31796875 0.03721875 0.0640625
4 0.76796875 0.51171875 0.0609375 0.1234375
2 0.65390625 0.140625 0.1140625 0.1375
2 0.6078125 0.04765625 0.05625 0.0640625
3 0.69453125 0.303125 0.1109375 0.1
3 0.5765625 0.08828125 0.046875 0.0421875
3 0.546875 0.07109375 0.04375 0.0390625
5 0.45873437499999997 0.433203125 0.16375 0.23917187499999998
4 0.930640625 0.431171875 0.053796875 0.09571874999999999