1 0.57109375 0.5625 0.0546875 0.096875
1 0.65625 0.52265625 0.059375 0.0890625
1 0.31484375 0.65390625 0.0609375 0.1171875
1 0.5515625 0.29921875 0.025 0.0546875
1 0.4734375 0.6015625 0.053125 0.103125
1 0.43046875 0.5484375 0.0390625 0.084375
1 0.7140625 0.41953125 0.04375 0.0734375
1 0.9109375 0.27734375 0.028125 0.0546875
1 0.52265625 0.521875 0.0453125 0.084375
1 0.471875 0.43984375 0.040625 0.0765625
1 0.6234375 0.29453125 0.028125 0.0578125
1 0.5890625 0.4375 0.04375 0.071875
1 0.67265625 0.4046875 0.0265625 0.0625
1 0.76171875 0.38828125 0.0359375 0.0734375
1 0.94375 0.44296875 0.040625 0.0796875
1 0.87734375 0.40390625 0.0421875 0.0765625
1 0.8296875 0.31953125 0.03125 0.0546875
1 0.6359375 0.215625 0.025 0.046875
1 0.68828125 0.3140625 0.0265625 0.04375
1 0.96171875 0.26328125 0.0296875 0.0546875
1 0.78359375 0.32578125 0.0328125 0.0609375
1 0.64453125 0.41171875 0.0421875 0.0578125
1 0.57890625 0.25390625 0.0296875 0.0515625
1 0.7484375 0.24453125 0.025 0.0515625
1 0.40234375 0.44296875 0.0421875 0.0734375
1 0.66796875 0.2453125 0.0265625 0.05
1 0.32578125 0.584375 0.0640625 0.084375