1 0.5921875 0.46953125 0.034375 0.0390625
1 0.69453125 0.7953125 0.0640625 0.071875
1 0.928125 0.8265625 0.059375 0.1
1 0.3515625 0.86875 0.08125 0.09375
1 0.42421875 0.9546875 0.1109375 0.0875
1 0.78359375 0.76015625 0.0609375 0.0640625
1 0.53125 0.79296875 0.06875 0.0671875
1 0.83515625 0.66484375 0.0453125 0.0546875
1 0.971875 0.5046875 0.0375 0.046875
1 0.87265625 0.79765625 0.0640625 0.0953125
1 0.54609375 0.6921875 0.0515625 0.05625
1 0.64921875 0.71171875 0.0609375 0.0703125
1 0.40234375 0.715625 0.0578125 0.075
1 0.55234375 0.575 0.0484375 0.05625
1 0.20390625 0.7921875 0.0953125 0.065625
1 0.884375 0.49375 0.028125 0.04375
1 0.45390625 0.72734375 0.0703125 0.0703125
1 0.6859375 0.45078125 0.034375 0.0359375
1 0.98203125 0.7125 0.0328125 0.059375
1 0.8421875 0.53671875 0.03125 0.0453125
1 0.18515625 0.90390625 0.0859375 0.0859375
1 0.93515625 0.58984375 0.0390625 0.0546875
1 0.984375 0.590625 0.028125 0.05625
1 0.446875 0.55625 0.05625 0.065625
1 0.49375 0.57109375 0.046875 0.0609375
1 0.659375 0.6078125 0.053125 0.05625
1 0.1421875 0.79921875 0.075 0.0828125
1 0.98046875 0.8203125 0.0359375 0.0875
1 0.69296875 0.52109375 0.0296875 0.0421875
1 0.8484375 0.49140625 0.0375 0.0390625