4 0.01484375 0.34453125 0.0265625 0.0328125
4 0.1296875 0.290625 0.01875 0.03125
3 0.7203125 0.5921875 0.14375 0.125
3 0.94609375 0.36796875 0.0828125 0.0765625
3 0.75390625 0.25078125 0.0515625 0.0359375
3 0.83203125 0.215625 0.0328125 0.034375
3 0.82109375 0.19921875 0.0328125 0.0328125
3 0.97890625 0.4890625 0.0390625 0.096875
5 0.259375 0.7 0.51875 0.596875
5 0.75078125 0.38125 0.1546875 0.23125
5 0.6375 0.234375 0.078125 0.134375
5 0.27890625 0.26484375 0.1140625 0.1046875
5 0.746765625 0.20368750000000002 0.06540625 0.10825
5 0.878125 0.23515625 0.0625 0.0765625
5 0.124734375 0.38464062499999996 0.1921875 0.15259375
5 0.95078125 0.30078125 0.0796875 0.0921875
5 0.67421875 0.1828125 0.0484375 0.0875
5 0.81640625 0.1734375 0.0390625 0.04375
5 0.38828125 0.240625 0.1171875 0.11564062500000001
5 0.542703125 0.18046875 0.06665625 0.0671875
5 0.7078125 0.8953125 0.378125 0.20625