5 0.21103125 0.32023437499999996 0.25246875 0.315953125
5 0.625 0.1578125 0.0875 0.121875
5 0.44810937500000003 0.515625 0.30246875 0.490625
5 0.343015625 0.0796875 0.10478125 0.159375
3 0.81796875 0.49296875 0.2171875 0.2453125
5 0.3546875 0.8828125 0.3875 0.23125
5 0.0699375 0.709828125 0.139875 0.5740937500000001
5 0.948796875 0.81484375 0.099265625 0.3671875
5 0.31056249999999996 0.153453125 0.12381249999999999 0.21496875000000001
5 0.45703125 0.173234375 0.1484375 0.20353125
5 0.45053124999999994 0.24453125 0.13543750000000002 0.0640625
5 0.58125 0.0765625 0.0625 0.078125
5 0.75009375 0.341203125 0.1966875 0.223828125
4 0.6835 0.19140625 0.020499999999999997 0.0390625
4 0.94296875 0.52421875 0.0390625 0.0671875
4 0.9828125 0.50390625 0.03125 0.0640625
4 0.713078125 0.20392187499999997 0.032421875 0.051531249999999994
3 0.8921875 0.69140625 0.2125 0.2453125