5 0.1703125 0.359375 0.340625 0.459375
5 0.451390625 0.37578125 0.259015625 0.4671875
5 0.3394375 0.0848125 0.09762499999999999 0.138390625
5 0.578125 0.05703125 0.084375 0.1015625
5 0.466921875 0.0791875 0.1115 0.0865
4 0.67265625 0.19296875 0.0234375 0.0421875
4 0.58671875 0.1296875 0.0234375 0.03125
4 0.7359375 0.22109375 0.028125 0.0453125
4 0.64296875 0.16796875 0.0203125 0.0328125
4 0.71484375 0.1921875 0.0203125 0.03125
4 0.61953125 0.1328125 0.0171875 0.028125
5 0.327296875 0.132296875 0.0760625 0.10590625000000001