1 0.80078125 0.92890625 0.0765625 0.1390625
1 0.15859375 0.409375 0.0484375 0.103125
1 0.55625 0.3375 0.034375 0.08125
1 0.43359375 0.35234375 0.0265625 0.0734375
1 0.3109375 0.4171875 0.040625 0.096875
1 0.5828125 0.1703125 0.03125 0.0625
1 0.5578125 0.95 0.078125 0.096875
1 0.69765625 0.94921875 0.0765625 0.0984375
1 0.8734375 0.18984375 0.04375 0.0671875
1 0.7078125 0.36015625 0.040625 0.0765625
1 0.21484375 0.17421875 0.0296875 0.0640625
1 0.465625 0.140625 0.021875 0.053125
1 0.81875 0.44375 0.04375 0.075
1 0.41015625 0.23359375 0.0296875 0.0546875
1 0.17578125 0.1484375 0.0328125 0.05625
1 0.6265625 0.1125 0.059375 0.025
1 0.08515625 0.23515625 0.0359375 0.0703125
1 0.69296875 0.2546875 0.0234375 0.05625
1 0.0640625 0.2546875 0.040625 0.06875
1 0.33984375 0.94765625 0.0578125 0.1015625
1 0.5140625 0.146875 0.015625 0.04375
1 0.3234375 0.56484375 0.05625 0.1171875
1 0.6140625 0.19140625 0.034375 0.0609375
1 0.2859375 0.18359375 0.025 0.0515625
1 0.53984375 0.10625 0.0265625 0.05
1 0.3171875 0.17734375 0.021875 0.0515625
1 0.73671875 0.12265625 0.0453125 0.0546875
1 0.35078125 0.1640625 0.0265625 0.053125
1 0.43671875 0.16640625 0.0265625 0.0578125
1 0.7469375 0.435484375 0.0515625 0.10625
1 0.6921875 0.24609375 0.0375 0.0734375
1 0.49296875 0.259375 0.0265625 0.053125