5 0.84609375 0.63203125 0.3046875 0.6546875
5 0.103125 0.709375 0.20625 0.5125
5 0.671875 0.30390625 0.134375 0.1765625
5 0.56328125 0.1640625 0.1296875 0.171875
2 0.19453125 0.2796875 0.1546875 0.159375
5 0.49375 0.1109375 0.084375 0.11875
5 0.47578125 0.25390625 0.1953125 0.1671875
5 0.93828125 0.73203125 0.1203125 0.4734375
5 0.26328125 0.23828125 0.0921875 0.1265625
5 0.287953125 0.181046875 0.07893750000000001 0.12068749999999999
5 0.31484375 0.1390625 0.0546875 0.071875
5 0.7578125 0.4234375 0.13125 0.23125
5 0.428125 0.1375 0.09375 0.090625
5 0.6140625 0.664515625 0.55 0.66678125
5 0.174390625 0.45056250000000003 0.161265625 0.2605
4 0.0734375 0.3234375 0.0375 0.0625
4 0.10546875 0.315625 0.0296875 0.05
4 0.34375 0.11171875 0.0125 0.0203125
3 0.58984375 0.2671875 0.0390625 0.06875
3 0.67890625 0.39921875 0.0453125 0.1234375
3 0.03046875 0.95546875 0.0609375 0.0859375
3 0.26603125 0.413 0.0406875 0.10759375