5 0.86171875 0.57890625 0.2734375 0.6703125
5 0.0921875 0.60078125 0.184375 0.3671875
5 0.06015625 0.83359375 0.1203125 0.3296875
5 0.48828125 0.09140625 0.0609375 0.0859375
5 0.63125 0.26171875 0.203125 0.2859375
5 0.43671875 0.1578125 0.1078125 0.11875
5 0.53671875 0.536671875 0.3234375 0.65478125
5 0.68125 0.91484375 0.434375 0.1671875
5 0.453125 0.05859375 0.04375 0.0578125
2 0.14375 0.38046875 0.221875 0.2515625
5 0.4 0.065625 0.04375 0.065625
3 0.271875 0.3140625 0.05625 0.075
3 0.51875 0.1671875 0.028125 0.05
5 0.303484375 0.15384375 0.06634375 0.095453125
3 0.26484375 0.22734375 0.0671875 0.0609375
4 0.20234375 0.24375 0.0265625 0.03125
4 0.071875 0.27890625 0.01875 0.0421875
4 0.1390625 0.253125 0.021875 0.021875