1 0.59375 0.9015625 0.05 0.10625
1 0.33515625 0.88359375 0.0546875 0.0953125
1 0.49375 0.89375 0.059375 0.1
1 0.2953125 0.7421875 0.046875 0.075
1 0.1859375 0.715625 0.040625 0.06875
1 0.24296875 0.7 0.0359375 0.071875
1 0.5046875 0.67578125 0.0375 0.0640625
1 0.1953125 0.609375 0.028125 0.05625
1 0.1046875 0.53203125 0.025 0.0453125
1 0.4265625 0.540625 0.021875 0.04375
1 0.1296875 0.609375 0.028125 0.05625
1 0.27265625 0.54296875 0.0234375 0.0453125
1 0.67578125 0.9078125 0.0609375 0.096875
1 0.38203125 0.63515625 0.0359375 0.0578125
1 0.3171875 0.5484375 0.021875 0.04375
1 0.46015625 0.5765625 0.0296875 0.05
1 0.5546875 0.66640625 0.0375 0.0640625
1 0.2359375 0.56640625 0.025 0.0515625
1 0.33359375 0.63671875 0.0328125 0.0609375
1 0.159375 0.53203125 0.01875 0.0421875
1 0.28515625 0.49453125 0.0203125 0.0390625
1 0.49453125 0.6046875 0.0296875 0.04375
1 0.1828125 0.53984375 0.021875 0.0421875
1 0.2125 0.58125 0.021875 0.05
1 0.375 0.571875 0.021875 0.0375