5 0.88671875 0.690625 0.2234375 0.615625
5 0.57109375 0.18046875 0.0984375 0.1328125
5 0.2703125 0.23125 0.0875 0.128125
5 0.07265625 0.771875 0.1453125 0.453125
5 0.434375 0.2546875 0.121875 0.125
5 0.51953125 0.14375 0.0640625 0.0875
4 0.2 0.2265625 0.046875 0.05
5 0.48515625 0.09140625 0.0609375 0.0765625
5 0.42734375 0.14453125 0.0921875 0.1046875
5 0.26953125 0.153125 0.0734375 0.04375
5 0.490234375 0.491 0.23359375 0.42737499999999995
3 0.74453125 0.45078125 0.1046875 0.1265625
4 0.06875 0.4390625 0.05 0.078125
4 0.12109375 0.37890625 0.0390625 0.0640625