1 0.6703125 0.88359375 0.05 0.1015625
1 0.20078125 0.85859375 0.0421875 0.0859375
1 0.8359375 0.72421875 0.034375 0.0734375
1 0.13359375 0.590625 0.0296875 0.05
1 0.56171875 0.55546875 0.0171875 0.0359375
1 0.34375 0.56171875 0.01875 0.0421875
1 0.471875 0.68828125 0.025 0.0578125
1 0.684375 0.64296875 0.021875 0.0453125
1 0.2015625 0.58515625 0.01875 0.0484375
1 0.63515625 0.6953125 0.0265625 0.053125
1 0.603125 0.6078125 0.01875 0.040625
1 0.18203125 0.6890625 0.0234375 0.05625
1 0.05078125 0.58984375 0.0296875 0.0515625
1 0.30546875 0.6703125 0.0234375 0.05625
1 0.234375 0.548125 0.02484375 0.041515625
1 0.26640625 0.55 0.0140625 0.03125
1 0.16171875 0.65625 0.0265625 0.053125
1 0.51484375 0.61796875 0.0234375 0.0453125
1 0.41875 0.60546875 0.021875 0.0484375
1 0.24140625 0.6453125 0.0265625 0.053125
1 0.39065625000000004 0.5621562499999999 0.020265625000000002 0.04328125
1 0.216953125 0.5443125 0.021765625 0.042125
1 0.35559375000000004 0.603328125 0.0008437500000000001 0.000265625