5 0.20409375000000002 0.322046875 0.261296875 0.28471875
5 0.8795937500000001 0.60234375 0.2376875 0.3796875
5 0.8110937500000001 0.39453125 0.20593750000000002 0.2515625
5 0.4140625 0.62109375 0.31875 0.4609375
5 0.71434375 0.263140625 0.146296875 0.175
5 0.479046875 0.194625 0.145578125 0.254484375
5 0.59096875 0.090625 0.07828125 0.0875
5 0.040453125 0.048265625 0.0796875 0.0921875
5 0.45703125 0.034375 0.0765625 0.065625
5 0.35546875 0.04765625 0.0703125 0.0953125
3 0.6171875 0.146875 0.078125 0.090625
5 0.2899375 0.16171875 0.16425 0.2484375
4 0.7546875 0.16171875 0.028125 0.0359375
4 0.6640625 0.134375 0.021875 0.028125
3 0.63515625 0.203125 0.0765625 0.08125