4 0.9800000000000001 0.303125 0.028749999999999998 0.021859375
5 0.75625 0.39225 0.165625 0.3125
5 0.1796875 0.81953125 0.359375 0.3578125
5 0.53515625 0.43984375 0.1296875 0.1640625
5 0.95546875 0.378125 0.0859375 0.13125
5 0.63671875 0.246875 0.0828125 0.121875
5 0.725 0.88125 0.384375 0.234375
5 0.345796875 0.214359375 0.121875 0.1296875
5 0.6 0.3328125 0.0875 0.10625
5 0.90546875 0.28203125 0.0921875 0.1046875
5 0.75546875 0.2078125 0.0796875 0.05625
5 0.6700781250000001 0.1875 0.053609375 0.075
5 0.84453125 0.20703125 0.0484375 0.0640625
5 0.542546875 0.23059375000000001 0.096875 0.1390625
5 0.8125 0.1671875 0.0375 0.046875
3 0.88203125 0.25390625 0.0515625 0.0515625
5 0.69296875 0.15234375 0.0390625 0.0546875
5 0.829703125 0.193609375 0.04065625 0.056546874999999996
5 0.7616875000000001 0.167234375 0.059203125 0.05298437499999999