1 0.73203125 0.603125 0.0609375 0.1125
1 0.95703125 0.7453125 0.0828125 0.125
1 0.5671875 0.50078125 0.040625 0.0859375
1 0.69375 0.46171875 0.05 0.0859375
1 0.44296875 0.50546875 0.0578125 0.0890625
1 0.8921875 0.5734375 0.034375 0.08125
1 0.97265625 0.40703125 0.0515625 0.0765625
1 0.5125 0.45703125 0.028125 0.0765625
1 0.7453125 0.39609375 0.025 0.0703125
1 0.81796875 0.4640625 0.0484375 0.08125
1 0.86328125 0.2828125 0.0203125 0.046875
1 0.9765625 0.5359375 0.04375 0.084375
1 0.475 0.3609375 0.05 0.065625
1 0.38203125 0.44375 0.0609375 0.065625
1 0.78515625 0.403125 0.0328125 0.071875
1 0.828125 0.33359375 0.03125 0.0640625
1 0.30625 0.5015625 0.053125 0.059375
1 0.27734375 0.3328125 0.0609375 0.0625
1 0.259375 0.48203125 0.040625 0.0890625
1 0.15859375 0.45859375 0.0296875 0.0578125