1 0.24765625 0.93671875 0.0859375 0.1234375
1 0.44765625 0.8453125 0.0734375 0.140625
1 0.25234375 0.6578125 0.0546875 0.096875
1 0.7359375 0.56875 0.05 0.1
1 0.68046875 0.42421875 0.0421875 0.0734375
1 0.48984375 0.61875 0.0546875 0.109375
1 0.634375 0.57265625 0.034375 0.0984375
1 0.575 0.4796875 0.040625 0.08125
1 0.96953125 0.5453125 0.0546875 0.09375
1 0.371875 0.94921875 0.090625 0.0984375
1 0.796875 0.55 0.04375 0.096875
1 0.02578125 0.94453125 0.0515625 0.1078125
1 0.3484375 0.52109375 0.04375 0.0859375
1 0.21875 0.5359375 0.040625 0.084375
1 0.871875 0.59296875 0.053125 0.1015625
1 0.71328125 0.2984375 0.0296875 0.05625
1 0.49296875 0.3203125 0.0328125 0.059375
1 0.65703125 0.2953125 0.0265625 0.05
1 0.53203125 0.3953125 0.0390625 0.06875
1 0.46875 0.390625 0.04375 0.075
1 0.75390625 0.35546875 0.0390625 0.0671875
1 0.578125 0.40703125 0.05 0.0421875
1 0.934375 0.334375 0.03125 0.0625
1 0.49765625 0.46328125 0.0453125 0.0671875
1 0.378125 0.48671875 0.03125 0.0828125