1 0.471875 0.8734375 0.065625 0.096875
1 0.571875 0.85234375 0.053125 0.0953125
1 0.7359375 0.86171875 0.05625 0.1046875
1 0.23046875 0.6359375 0.0359375 0.0625
1 0.64453125 0.715625 0.0390625 0.071875
1 0.33515625 0.71640625 0.0453125 0.0734375
1 0.46171875 0.715625 0.0484375 0.071875
1 0.35 0.8359375 0.059375 0.065625
1 0.3859375 0.62578125 0.03125 0.0546875
1 0.1234375 0.63046875 0.028125 0.0578125
1 0.22421875 0.534375 0.0203125 0.046875
1 0.41640625 0.5796875 0.0203125 0.05625
1 0.16875 0.6015625 0.028125 0.053125
1 0.25234375 0.8453125 0.0609375 0.09375
1 0.39375 0.5359375 0.01875 0.04375
1 0.44296875 0.53359375 0.0234375 0.0421875
1 0.69609375 0.7515625 0.0421875 0.078125
1 0.27109375 0.56484375 0.0234375 0.0484375
1 0.34375 0.53828125 0.021875 0.0453125
1 0.2921875 0.546875 0.025 0.046875
1 0.17578125 0.53046875 0.0234375 0.0421875
1 0.35390625 0.51875 0.0140625 0.0375