4 0.90234375 0.121875 0.0171875 0.034375
4 0.815625 0.15 0.01875 0.0375
3 0.53515625 0.20078125 0.0640625 0.0515625
3 0.88828125 0.1875 0.0484375 0.046875
3 0.96953125 0.31796875 0.0578125 0.0859375
3 0.9546875 0.27890625 0.0875 0.0828125
3 0.92109375 0.22109375 0.0578125 0.0546875
3 0.93671875 0.24375 0.0734375 0.075
5 0.4078125 0.50078125 0.321875 0.3921875
5 0.096875 0.85703125 0.19375 0.2828125
5 0.046875 0.2625 0.09375 0.190625
5 0.62421875 0.19921875 0.1140625 0.1265625
5 0.56328125 0.30625 0.1265625 0.15625
5 0.65 0.11796875 0.0875 0.1265625
5 0.188609375 0.2308125 0.259375 0.228125
5 0.715625 0.4015625 0.25 0.30625
5 0.646875 0.76875 0.528125 0.459375
5 0.865625 0.12890625 0.053125 0.0609375
5 0.393296875 0.109265625 0.099109375 0.09353125
5 0.93125 0.17890625 0.05 0.0546875
5 0.68671875 0.0609375 0.0546875 0.046875
5 0.77421875 0.21875 0.0859375 0.075
5 0.7421875 0.2296875 0.096875 0.046875
5 0.75859375 0.0921875 0.0703125 0.0625
5 0.8373906249999999 0.102671875 0.07209375 0.09153125
5 0.75228125 0.15723437499999998 0.082234375 0.068484375