5 0.04453125 0.0546875 0.0703125 0.08125
5 0.3395 0.089046875 0.10400000000000001 0.14065624999999998
5 0.47265625 0.6859375 0.4796875 0.625
5 0.46857812499999996 0.23025 0.138953125 0.236625
5 0.45257812499999994 0.082078125 0.0856875 0.14520312500000002
4 0.796875 0.4671875 0.05625 0.1
4 0.678125 0.309375 0.03125 0.05
4 0.6520937499999999 0.114265625 0.0229375 0.03478125
4 0.73359375 0.29921875 0.0359375 0.0515625
4 0.70625 0.25 0.03125 0.04375
4 0.7122499999999999 0.1865 0.028125 0.043046875
4 0.6169374999999999 0.137421875 0.0245 0.038953125
2 0.515625 0.03671875 0.08125 0.0734375
3 0.33828125 0.15703125 0.0734375 0.0703125
5 0.504984375 0.330890625 0.14871875 0.111359375