5 0.83671875 0.46328125 0.2015625 0.2203125
5 0.7484375 0.31875 0.15 0.19375
5 0.253125 0.228125 0.165625 0.196875
5 0.318140625 0.11875 0.12690625 0.2
5 0.0953125 0.63515625 0.190625 0.6953125
5 0.669234375 0.2123125 0.10215624999999999 0.13956249999999998
5 0.602765625 0.11873437499999999 0.07257812500000001 0.09884375
5 0.446875 0.45078125 0.3 0.4890625
5 0.447296875 0.14070312499999998 0.0754375 0.09965625
4 0.861578125 0.25125000000000003 0.029390624999999997 0.050640624999999995
4 0.97734375 0.50859375 0.0453125 0.1046875
2 0.5125 0.8046875 0.54375 0.3875
3 0.92578125 0.728125 0.1453125 0.215625
3 0.60390625 0.18359375 0.0359375 0.0640625
3 0.53671875 0.05859375 0.0359375 0.0421875