5 0.8671875 0.64609375 0.2625 0.7046875
5 0.10546875 0.740625 0.2109375 0.515625
5 0.5828125 0.20390625 0.125 0.1515625
5 0.50703125 0.13046875 0.0546875 0.0765625
5 0.17578125 0.4890625 0.1609375 0.25
5 0.45859375 0.21171875 0.0828125 0.0640625
5 0.42265625 0.13203125 0.0765625 0.1078125
3 0.2453125 0.339515625 0.1 0.0828125
5 0.274078125 0.2305 0.08309375 0.12335937500000001
5 0.20023437500000002 0.20665624999999999 0.06921875 0.08981249999999999
5 0.5177968749999999 0.43525 0.319046875 0.385921875