5 0.84609375 0.6265625 0.3046875 0.6375
5 0.565625 0.1953125 0.134375 0.228125
5 0.6171875 0.740625 0.453125 0.515625
5 0.66953125 0.3078125 0.1296875 0.18125
5 0.103125 0.72109375 0.20625 0.5265625
5 0.496875 0.11484375 0.084375 0.1234375
5 0.50078125 0.39453125 0.2328125 0.2140625
5 0.159375 0.48046875 0.175 0.2703125
5 0.4796875 0.2765625 0.203125 0.190625
5 0.4296875 0.16707812500000002 0.096875 0.122109375
5 0.265625 0.23984375 0.090625 0.1296875
5 0.2828125 0.16796875 0.096875 0.0640625
3 0.67890625 0.4 0.0453125 0.128125
2 0.196875 0.2890625 0.146875 0.175
4 0.028125 0.4234375 0.04375 0.06875
4 0.11015625 0.33828125 0.0328125 0.0515625
4 0.06171875 0.36328125 0.0296875 0.0546875
4 0.0453125 0.3390625 0.025 0.05
4 0.0078125 0.38359375 0.015625 0.0546875
3 0.2609375 0.4328125 0.040625 0.1125