5 0.2375 0.27578125 0.2375 0.3265625
5 0.453125 0.53984375 0.328125 0.5296875
5 0.1015625 0.6375 0.203125 0.721875
5 0.53790625 0.0328125 0.0491875 0.065625
5 0.46439062499999995 0.185859375 0.13815625 0.20296875
5 0.5566093750000001 0.05859375 0.055546874999999996 0.0578125
5 0.4515625 0.04603125 0.068765625 0.092078125
4 0.7515625 0.23714062500000002 0.03125 0.06804687499999999
4 0.8451875 0.350109375 0.044015625 0.07790625
4 0.712625 0.21242187499999998 0.031515625000000005 0.053265625000000004
4 0.7000625 0.17489062500000002 0.024140625 0.040625
4 0.671875 0.146875 0.015625 0.0375
2 0.282515625 0.0453125 0.090046875 0.090625
2 0.621875 0.13984375 0.0875 0.1078125
5 0.589609375 0.09375 0.07079687500000001 0.0875
3 0.93984375 0.89140625 0.1171875 0.2140625