5 0.174375 0.36640625 0.34875 0.4890625
5 0.4649375 0.17040625 0.125578125 0.172078125
5 0.480875 0.30940625 0.15075 0.212453125
2 0.53125 0.04140625 0.0875 0.0828125
5 0.4453125 0.0875 0.09375 0.140625
5 0.32584375 0.1109375 0.1204375 0.190625
5 0.27109375 0.0640625 0.0734375 0.121875
4 0.6344531250000001 0.17578125 0.02828125 0.0453125
4 0.7360156250000001 0.20745312500000002 0.029421874999999997 0.05071875
4 0.61484375 0.103125 0.0203125 0.034375
4 0.9046875 0.53671875 0.059375 0.1171875
4 0.7015625 0.19921875 0.028125 0.0421875