4 0.02578125 0.2953125 0.0265625 0.046875
4 0.0453125 0.2671875 0.021875 0.0375
4 0.1328125 0.2515625 0.021875 0.034375
4 0.0875 0.26328125 0.021875 0.0359375
4 0.18984375 0.22890625 0.0203125 0.0484375
2 0.93984375 0.30703125 0.1171875 0.1765625
3 0.60859375 0.18359375 0.0359375 0.0296875
3 0.8703125 0.234375 0.040625 0.040625
3 0.88359375 0.2484375 0.0421875 0.05625
5 0.30078125 0.746875 0.3890625 0.453125
5 0.7078125 0.62265625 0.284375 0.4484375
2 0.25703125 0.228125 0.1484375 0.13125
5 0.96796875 0.4484375 0.0609375 0.134375
5 0.6734375 0.909375 0.36875 0.178125
5 0.54853125 0.34785937499999997 0.1779375 0.273859375
5 0.741109375 0.246 0.075609375 0.024656249999999998
5 0.7556406250000001 0.23064062500000002 0.06684375000000001 0.047390625
5 0.74375 0.33125 0.184375 0.153125
5 0.40625 0.20390625 0.071875 0.0828125
5 0.66171875 0.1953125 0.0734375 0.0875
5 0.7484375 0.17265625 0.0625 0.0578125
5 0.4390625 0.1504375 0.06215625 0.07934375
5 0.8625 0.19375 0.040625 0.05
5 0.62890625 0.25703125 0.0890625 0.1203125
5 0.64765625 0.2125 0.0671875 0.059375