1 0.35546875 0.95390625 0.0828125 0.0890625
1 0.24765625 0.74609375 0.0453125 0.0609375
1 0.17890625 0.86796875 0.0671875 0.0828125
1 0.3109375 0.5953125 0.034375 0.053125
1 0.10546875 0.784375 0.0640625 0.06875
1 0.34765625 0.52578125 0.0328125 0.0390625
1 0.365625 0.740625 0.05 0.0625
1 0.13515625 0.56015625 0.0390625 0.0484375
1 0.30859375 0.8234375 0.0671875 0.0875
1 0.7484375 0.65078125 0.028125 0.0453125
1 0.440625 0.70625 0.05 0.053125
1 0.1796875 0.5640625 0.034375 0.05
1 0.528125 0.74296875 0.05 0.0640625
1 0.24140625 0.4796875 0.0265625 0.034375
1 0.49296875 0.509375 0.0234375 0.034375
1 0.7359375 0.50078125 0.01875 0.0359375
1 0.1390625 0.69609375 0.05 0.0546875
1 0.4640625 0.64453125 0.03125 0.0453125
1 0.66796875 0.6953125 0.0328125 0.04375
1 0.66484375 0.484375 0.0171875 0.03125
1 0.584375 0.5859375 0.028125 0.05
1 0.61796875 0.67421875 0.0390625 0.0609375
1 0.32890625 0.684375 0.0359375 0.05625
1 0.459375 0.44296875 0.021875 0.0296875
1 0.26796875 0.53515625 0.0234375 0.0390625
1 0.5484375 0.5859375 0.028125 0.053125
1 0.5265625 0.47109375 0.021875 0.0296875
1 0.3171875 0.4734375 0.025 0.034375
1 0.2375 0.5703125 0.0375 0.04375
1 0.10078125 0.690625 0.0484375 0.0625
1 0.24609375 0.64453125 0.0453125 0.0515625
1 0.63046875 0.4796875 0.0234375 0.0375
1 0.8 0.5671875 0.021875 0.046875
1 0.6296875 0.59140625 0.021875 0.0421875
1 0.621875 0.7625 0.04375 0.065625
1 0.465625 0.54765625 0.025 0.0421875
1 0.571875 0.76796875 0.040625 0.0578125
1 0.28203125 0.65 0.0390625 0.053125