4 0.2046875 0.221875 0.01875 0.0375
4 0.31953125 0.2125 0.0296875 0.040625
4 0.15703125 0.2359375 0.0203125 0.03125
4 0.09140625 0.2609375 0.0234375 0.0375
4 0.2359375 0.20234375 0.0125 0.0234375
4 0.29375 0.18671875 0.015625 0.0234375
4 0.2765625 0.19375 0.015625 0.025
2 0.9515625 0.3453125 0.09375 0.215625
3 0.53203125 0.18671875 0.0953125 0.0328125
3 0.33125 0.18046875 0.040625 0.0359375
3 0.853125 0.2109375 0.028125 0.0375
5 0.1875 0.84609375 0.375 0.3046875
2 0.39765625 0.16640625 0.0765625 0.0859375
5 0.7244531249999999 0.36153124999999997 0.2328125 0.159375
5 0.975 0.4765625 0.046875 0.15
5 0.64921875 0.2078125 0.0796875 0.1
5 0.88671875 0.21953125 0.0484375 0.0578125
5 0.69609375 0.66796875 0.3265625 0.4734375
5 0.6734375 0.90625 0.365625 0.184375
5 0.76328125 0.25859375 0.0828125 0.0546875
5 0.73828125 0.271875 0.0921875 0.028125
5 0.59584375 0.28228125 0.114546875 0.110453125
5 0.75234375 0.1859375 0.0671875 0.05625
5 0.74609375 0.2140625 0.0640625 0.034375
3 0.90078125 0.265625 0.0515625 0.0625
5 0.6296875 0.246875 0.071875 0.09375
5 0.423546875 0.48703124999999997 0.37179687499999997 0.44628125