5 0.50703125 0.4875 0.2609375 0.4
5 0.88671875 0.58671875 0.2234375 0.3421875
5 0.59765625 0.846875 0.3203125 0.303125
5 0.28131249999999997 0.299328125 0.15925 0.23571875000000003
5 0.946875 0.76796875 0.103125 0.4609375
5 0.51359375 0.11796875 0.094703125 0.1296875
2 0.06015625 0.509375 0.1203125 0.353125
3 0.4421875 0.240625 0.075 0.0625
3 0.0921875 0.83671875 0.184375 0.2609375
3 0.6375 0.33671875 0.11875 0.1265625
5 0.421875 0.1359375 0.053125 0.071875
4 0.271875 0.9515625 0.084375 0.09375
4 0.23515625 0.78984375 0.0765625 0.1390625
4 0.1796875 0.44140625 0.040625 0.0671875
4 0.14140625 0.34609375 0.0328125 0.0703125
4 0.1703125 0.3375 0.03125 0.053125
4 0.1 0.2984375 0.03125 0.046875
4 0.1109375 0.34296875 0.034375 0.0578125