5 0.258140625 0.22190625000000003 0.21940624999999997 0.31242187499999996
5 0.118 0.43629687500000003 0.236015625 0.34925
5 0.4734375 0.1546875 0.1125 0.171875
5 0.87109375 0.534375 0.2546875 0.303125
5 0.66015625 0.2078125 0.1140625 0.146875
5 0.64234375 0.13984375 0.112171875 0.1328125
5 0.446875 0.65625 0.465625 0.684375
5 0.43674999999999997 0.05859375 0.057859375000000005 0.0828125
5 0.34296875 0.084375 0.0765625 0.115625
4 0.7765625 0.3203125 0.0375 0.05
4 0.734375 0.27265625 0.021875 0.0421875
4 0.84296875 0.33828125 0.0234375 0.0421875
4 0.7953125 0.30546875 0.025 0.0421875
3 0.72421875 0.375 0.1390625 0.125
3 0.4515625 0.27890625 0.11875 0.0859375
3 0.53515625 0.0546875 0.0390625 0.034375
5 0.052000000000000005 0.68303125 0.10400000000000001 0.5154375