5 0.26564062499999996 0.188859375 0.184421875 0.24103124999999997
5 0.08203125 0.62734375 0.1640625 0.5984375
5 0.34190624999999997 0.078625 0.0963125 0.152125
5 0.46714062500000003 0.0703125 0.074 0.096875
5 0.46135937499999996 0.26171875 0.21023437500000003 0.2953125
5 0.36328125 0.690625 0.4640625 0.615625
4 0.859375 0.4640625 0.053125 0.10625
4 0.71046875 0.19125 0.034703125 0.04875
4 0.8270156249999999 0.34045312499999997 0.042828125 0.078484375
4 0.7718906249999999 0.345609375 0.046265625 0.077515625
4 0.7796875 0.27734375 0.03125 0.0484375
4 0.7521875 0.29328125 0.03 0.0540625
4 0.791296875 0.17896875 0.02809375 0.046734375