5 0.83828125 0.4328125 0.3203125 0.390625
5 0.339421875 0.08359375 0.11009374999999999 0.1671875
5 0.303484375 0.181390625 0.096875 0.1203125
5 0.45546875 0.3921875 0.2546875 0.490625
2 0.60703125 0.0734375 0.0765625 0.096875
5 0.458484375 0.03675 0.0755 0.073515625
5 0.93359375 0.85703125 0.1296875 0.2828125
5 0.459375 0.13125 0.087484375 0.04375
4 0.675 0.2140625 0.021875 0.0375
3 0.1171875 0.43125 0.19375 0.165625
3 0.55 0.07109375 0.04375 0.0390625
3 0.5953125 0.12265625 0.05625 0.0515625
4 0.706921875 0.207765625 0.023359374999999998 0.034390625
4 0.622859375 0.168359375 0.016171875 0.035421875000000005
4 0.6543593750000001 0.199078125 0.017687500000000002 0.036421875
4 0.64025 0.1796875 0.015671875 0.03290625
4 0.5999375 0.148203125 0.025734374999999997 0.045515625
4 0.762296875 0.21954687499999997 0.0275625 0.04484375
5 0.45531249999999995 0.09273437500000001 0.06659375 0.042562499999999996