4 0.047703125 0.328125 0.023546875000000002 0.025
4 0.9861718749999999 0.32771875 0.022328124999999997 0.038328125000000005
4 0.9765625 0.29453125 0.015625 0.0234375
4 0.850546875 0.24121874999999998 0.012875000000000001 0.019203124999999998
5 0.26328125 0.29453125 0.1265625 0.1296875
3 0.69609375 0.70234375 0.1890625 0.1859375
3 0.92578125 0.32421875 0.0640625 0.0671875
3 0.43515625 0.2390625 0.0484375 0.034375
3 0.8921875 0.2828125 0.0625 0.05625
3 0.4359375 0.2078125 0.040625 0.03125
3 0.47890625 0.21796875 0.0453125 0.0296875
5 0.48828125 0.45625 0.2578125 0.375
5 0.76328125 0.41015625 0.1671875 0.3203125
5 0.97109375 0.4421875 0.0546875 0.1875
5 0.640625 0.24296875 0.090625 0.1484375
5 0.05859375 0.42109375 0.1171875 0.1359375
5 0.81015625 0.20078125 0.0421875 0.0546875
5 0.58984375 0.31875 0.1109375 0.14375
2 0.81915625 0.174125 0.0453125 0.0578125
5 0.7484375 0.215625 0.084375 0.071875
5 0.51640625 0.1953125 0.0546875 0.0625
2 0.46953125 0.18046875 0.0578125 0.0640625