5 0.7714531250000001 0.38359375 0.200859375 0.2328125
5 0.2865625 0.176125 0.15126562500000001 0.19740625
5 0.453125 0.3328125 0.21875 0.425
5 0.6351093750000001 0.1328125 0.12351562499999999 0.140625
5 0.65078125 0.20078125 0.0953125 0.1203125
5 0.33396875000000004 0.10665625000000001 0.11309374999999999 0.154796875
5 0.46234374999999994 0.037515625000000004 0.087171875 0.06465625
4 0.9754375 0.48029687499999996 0.042875 0.06753125
4 0.73671875 0.24609375 0.0328125 0.0453125
4 0.70546875 0.17734375 0.0171875 0.0328125
4 0.71953125 0.20859375 0.0265625 0.0453125
4 0.56015625 0.0921875 0.0171875 0.028125
4 0.92890625 0.43359375 0.0390625 0.0703125
4 0.890625 0.45078125 0.05625 0.0828125
3 0.66953125 0.30703125 0.0828125 0.0859375