1 0.82734375 0.86796875 0.0671875 0.0953125
1 0.08515625 0.8328125 0.0859375 0.084375
1 0.9703125 0.86953125 0.05625 0.0859375
1 0.46796875 0.72421875 0.0671875 0.0640625
1 0.4015625 0.80390625 0.078125 0.0734375
1 0.36640625 0.9640625 0.0921875 0.06875
1 0.69453125 0.50625 0.0296875 0.0375
1 0.190625 0.8515625 0.078125 0.090625
1 0.84453125 0.53359375 0.0265625 0.0421875
1 0.23828125 0.90625 0.0890625 0.09375
1 0.77578125 0.59296875 0.0328125 0.0546875
1 0.31875 0.9 0.084375 0.090625
1 0.56640625 0.57890625 0.0390625 0.0453125
1 0.79453125 0.471875 0.0203125 0.034375
1 0.94140625 0.53359375 0.0265625 0.0421875
1 0.60859375 0.77734375 0.0515625 0.0734375
1 0.60625 0.66484375 0.053125 0.0609375
1 0.9046875 0.521875 0.025 0.03125
1 0.6578125 0.57421875 0.021875 0.0453125
1 0.97578125 0.5359375 0.0296875 0.04375
1 0.8328125 0.47734375 0.025 0.0359375
1 0.41328125 0.7 0.0578125 0.040625
1 0.7171875 0.775 0.040625 0.053125
1 0.8953125 0.7046875 0.053125 0.078125
1 0.13203125 0.728125 0.1109375 0.071875
1 0.72578125 0.58359375 0.0359375 0.0515625
1 0.68125 0.84609375 0.0625 0.0953125
1 0.94375 0.70625 0.046875 0.06875
1 0.76953125 0.4515625 0.0265625 0.0375
1 0.88203125 0.50078125 0.0234375 0.0359375
1 0.153125 0.74453125 0.075 0.0546875
1 0.87578125 0.59921875 0.0234375 0.0421875
1 0.85234375 0.66484375 0.0453125 0.0671875
1 0.3765625 0.7484375 0.08125 0.0625
1 0.75 0.55234375 0.03125 0.0453125
1 0.37109375 0.6375 0.0484375 0.05
1 0.6640625 0.721875 0.046875 0.0625
1 0.60625 0.61875 0.03125 0.040625
1 0.79453125 0.63984375 0.0515625 0.0640625
1 0.7375 0.74140625 0.05 0.0609375