5 0.23984375 0.3578125 0.1453125 0.20625
5 0.95234375 0.7484375 0.0921875 0.5
5 0.77421875 0.4125 0.2671875 0.296875
5 0.6484375 0.28203125 0.146875 0.1828125
5 0.579078125 0.19915624999999998 0.135578125 0.204828125
5 0.46476562499999996 0.24131249999999999 0.17670312500000002 0.23925000000000002
2 0.13828125 0.9046875 0.2765625 0.1875
5 0.6265625 0.6625 0.45 0.671875
5 0.26171875 0.24453125 0.1015625 0.1046875
5 0.09765625 0.61328125 0.1953125 0.3765625
4 0.12890625 0.3453125 0.0328125 0.05
4 0.08828125 0.40703125 0.0359375 0.0515625
4 0.17265625 0.28359375 0.0265625 0.0453125
4 0.02421875 0.41796875 0.0390625 0.0609375
4 0.1921875 0.25 0.021875 0.03125
4 0.08359375 0.35703125 0.0265625 0.0265625