5 0.090625 0.68984375 0.18125 0.4109375
5 0.8109375 0.4234375 0.375 0.50625
5 0.471875 0.078125 0.071875 0.09375
5 0.584375 0.20390625 0.103125 0.1234375
5 0.4640625 0.309875 0.16875 0.327125
5 0.2484375 0.284375 0.115625 0.165640625
5 0.43203125 0.1609375 0.0984375 0.1
5 0.6109375 0.6371249999999999 0.428125 0.722640625
4 0.16875 0.28515625 0.034375 0.0484375
4 0.2265625 0.196875 0.01875 0.025
4 0.25234375 0.14375 0.0171875 0.028125
4 0.18984375 0.25 0.0203125 0.0375
3 0.29140625 0.1875 0.0578125 0.059375
5 0.29757812499999997 0.132546875 0.054843750000000004 0.072421875