5 0.64453125 0.259375 0.1609375 0.215625
5 0.153125 0.41015625 0.265625 0.4171875
5 0.45234375 0.2078125 0.1359375 0.2
5 0.29140625 0.16484375 0.0859375 0.1203125
5 0.49375 0.45703125 0.321875 0.3140625
5 0.5609375 0.20859375 0.096875 0.1453125
5 0.8765625 0.65234375 0.24375 0.6921875
5 0.490625 0.0921875 0.06875 0.08125
5 0.45078125 0.05546875 0.0421875 0.0515625
5 0.33671875 0.0640625 0.0390625 0.040625
5 0.41015625 0.10234375 0.0578125 0.0859375
4 0.00859375 0.49296875 0.0171875 0.1046875
4 0.21796875 0.190625 0.0203125 0.03125
4 0.30703125 0.06640625 0.0171875 0.0265625
4 0.2359375 0.17421875 0.021875 0.0421875
3 0.7296875 0.4609375 0.071875 0.16875
5 0.6021093750000001 0.79603125 0.4855625 0.407921875