5 0.86171875 0.64609375 0.2734375 0.7046875
5 0.3140625 0.4359375 0.221875 0.2
5 0.68515625 0.3203125 0.1859375 0.246875
5 0.534375 0.50234375 0.19375 0.2546875
5 0.4375 0.3265625 0.16875 0.184375
5 0.5109375 0.121875 0.06875 0.103125
5 0.59765625 0.23046875 0.0921875 0.1296875
5 0.55234375 0.17578125 0.0921875 0.0953125
4 0.071875 0.3828125 0.04375 0.053125
4 0.12421875 0.34140625 0.0296875 0.0578125
4 0.05078125 0.353125 0.0296875 0.053125
4 0.15234375 0.32890625 0.0265625 0.0484375
4 0.19765625 0.2546875 0.0234375 0.040625
3 0.1078125 0.75625 0.215625 0.240625
3 0.2109375 0.3578125 0.1125 0.11875
3 0.24453125 0.2984375 0.0953125 0.0875
5 0.0359375 0.47385937499999997 0.071875 0.180203125
5 0.446078125 0.207171875 0.110671875 0.15709375
5 0.26578124999999997 0.23903124999999997 0.085734375 0.120875