5 0.5390625 0.40859375 0.234375 0.2453125
5 0.2546875 0.26171875 0.103125 0.1484375
5 0.67265625 0.26484375 0.2203125 0.2859375
5 0.0671875 0.853125 0.134375 0.290625
5 0.84375 0.7171875 0.309375 0.559375
5 0.6171875 0.7734375 0.321875 0.45
5 0.5609375 0.171875 0.09375 0.128125
2 0.491328125 0.29171874999999997 0.14545312500000002 0.23342187499999997
5 0.43671875 0.190625 0.0921875 0.096875
5 0.4125 0.11015625 0.05625 0.0671875
5 0.3015625 0.15 0.0625 0.08125
2 0.14921875 0.41171875 0.2453125 0.3265625