5 0.19453125 0.38984375 0.1515625 0.2203125
5 0.71340625 0.36865625 0.2231875 0.2720625
5 0.27734375 0.21171875 0.1171875 0.1640625
5 0.5703125 0.18515625 0.10625 0.1296875
5 0.47109375 0.312984375 0.1671875 0.25528125
5 0.09140625 0.62265625 0.1828125 0.3328125
5 0.4484375 0.1609375 0.1125 0.059375
5 0.4211875 0.11015625 0.0705 0.0640625
4 0.2046875 0.23515625 0.021875 0.0421875
5 0.628859375 0.7558906249999999 0.467296875 0.48507812499999997
3 0.2765625 0.33984375 0.034375 0.0859375
5 0.497984375 0.11712499999999999 0.04278125 0.04690625
5 0.48224999999999996 0.0839375 0.04925 0.060750000000000005