5 0.08359375 0.5640625 0.1671875 0.346875
5 0.54140625 0.632421875 0.42934374999999997 0.7320156250000001
2 0.5921875 0.20390625 0.125 0.1609375
5 0.21575000000000003 0.36329687499999996 0.143484375 0.20640624999999999
5 0.40078125 0.0625 0.0421875 0.05625
5 0.9625 0.7421875 0.071875 0.5125
5 0.775390625 0.40390625 0.33828125 0.4765625
5 0.496875 0.1046875 0.078125 0.1125
5 0.4640625 0.075 0.046875 0.06875
4 0.24375 0.16953125 0.021875 0.0390625
4 0.21015625 0.2078125 0.0234375 0.046875
4 0.2296875 0.18203125 0.01875 0.0390625
5 0.43125 0.186984375 0.0875 0.12603124999999998
3 0.2453125 0.23046875 0.06875 0.0609375
3 0.2703125 0.26640625 0.06875 0.0640625
5 0.30390625 0.1515625 0.0546875 0.05625
5 0.41171875 0.1125 0.0546875 0.0375