5 0.1171875 0.515625 0.234375 0.4125
5 0.7125 0.23828125 0.1875 0.2234375
5 0.46953125 0.12653125 0.1109375 0.20631249999999998
5 0.24071875 0.239703125 0.21582812499999998 0.314359375
2 0.619953125 0.1125 0.113234375 0.121875
5 0.46359374999999997 0.3046875 0.1290625 0.146875
5 0.341125 0.05546875 0.076 0.0890625
5 0.576890625 0.0734375 0.061843749999999996 0.08125
5 0.41403125 0.68359375 0.412578125 0.6328125
5 0.36796875 0.0359375 0.0640625 0.071875
4 0.92734375 0.45390625 0.0515625 0.0859375
4 0.8745312500000001 0.36640625 0.050937500000000004 0.079671875
4 0.811875 0.37546875 0.048125 0.086546875
3 0.89921875 0.73359375 0.1984375 0.2515625