5 0.51953125 0.12421875 0.0984375 0.1328125
5 0.4953125 0.41640625 0.2 0.2953125
5 0.5890625 0.7625 0.3125 0.471875
5 0.61484375 0.05859375 0.0546875 0.0703125
5 0.44765625 0.2125 0.1078125 0.125
5 0.31953125 0.2984375 0.1890625 0.25
5 0.471875 0.078125 0.053125 0.08125
5 0.41796875 0.123046875 0.084375 0.13515625
5 0.29765625 0.14375 0.0828125 0.0625
3 0.1796875 0.8171875 0.24375 0.31875
4 0.03203125 0.55703125 0.0515625 0.0890625
4 0.10859375 0.41484375 0.0359375 0.0671875
4 0.18359375 0.29921875 0.0265625 0.0515625
4 0.134375 0.36015625 0.028125 0.0546875
4 0.1359375 0.31015625 0.021875 0.0296875