4 0.968390625 0.329171875 0.027390625000000002 0.03228125
4 0.9671875 0.26875 0.015625 0.021875
4 0.9821406250000001 0.42495312500000004 0.032609375 0.034671875000000005
4 0.9712031250000001 0.48735937500000004 0.051765625 0.053390625000000004
3 0.43984375 0.15859375 0.0328125 0.0265625
5 0.409375 0.21549999999999997 0.08125 0.065859375
3 0.40546875 0.16953125 0.0359375 0.0265625
5 0.19140625 0.790625 0.3828125 0.415625
5 0.74140625 0.56015625 0.2890625 0.5484375
5 0.9109375 0.26640625 0.08125 0.1015625
5 0.6542343749999999 0.18928125 0.0625 0.09375
2 0.625 0.2484375 0.096875 0.1125
5 0.228421875 0.287359375 0.202546875 0.209078125
5 0.074296875 0.315953125 0.14859375 0.23537499999999997
5 0.76328125 0.25390625 0.1265625 0.0734375
5 0.52734375 0.40703125 0.1796875 0.2421875
5 0.8504375 0.1865 0.079015625 0.10425
5 0.585828125 0.10323437499999999 0.02790625 0.043984375
5 0.67265625 0.15390625 0.0515625 0.0828125
5 0.728125 0.16796875 0.065625 0.0890625
5 0.5890625 0.30625 0.1125 0.10625
5 0.5411875 0.218296875 0.0921875 0.134375
5 0.740625 0.12310937500000001 0.046875 0.0203125
5 0.529015625 0.12578125 0.039281250000000004 0.051546875000000006