1 0.54140625 0.50703125 0.0421875 0.1015625
1 0.56484375 0.91953125 0.0890625 0.1578125
1 0.75078125 0.33203125 0.0484375 0.0921875
1 0.97734375 0.44609375 0.0421875 0.1015625
1 0.40703125 0.50703125 0.0453125 0.0953125
1 0.63046875 0.85234375 0.0703125 0.1703125
1 0.690625 0.65078125 0.065625 0.1328125
1 0.846875 0.27734375 0.03125 0.0703125
1 0.30546875 0.32109375 0.0421875 0.0828125
1 0.16953125 0.234375 0.0359375 0.075
1 0.3859375 0.21015625 0.028125 0.0609375
1 0.0578125 0.25078125 0.053125 0.0734375
1 0.79453125 0.63046875 0.0640625 0.1234375
1 0.34140625 0.9171875 0.0484375 0.08125
1 0.87265625 0.18125 0.0453125 0.0625
1 0.6859375 0.2875 0.040625 0.065625
1 0.0890625 0.12890625 0.06875 0.0578125
1 0.27734375 0.2421875 0.0390625 0.078125
1 0.5859375 0.21484375 0.028125 0.0609375
1 0.340625 0.853125 0.090625 0.209375
1 0.0203125 0.3640625 0.040625 0.0875
1 0.62578125 0.2890625 0.0328125 0.065625
1 0.1609375 0.15078125 0.0375 0.0578125
1 0.534375 0.209375 0.028125 0.06875
1 0.73828125 0.115625 0.0421875 0.0375