5 0.8339062500000001 0.475 0.2665625 0.290625
5 0.191046875 0.33828125 0.297734375 0.3421875
5 0.45390625 0.675 0.2578125 0.415625
5 0.43846875 0.39796875 0.173046875 0.21156250000000001
5 0.32875 0.14453125 0.12 0.1703125
5 0.49393750000000003 0.2703125 0.108671875 0.15625
5 0.45384375 0.08267187499999999 0.082328125 0.146921875
5 0.46659375000000003 0.19009375 0.114453125 0.194828125
4 0.62421875 0.23203125 0.0296875 0.0578125
4 0.75625 0.284375 0.0375 0.06875
4 0.78359375 0.30390625 0.0359375 0.0578125
4 0.70546875 0.2703125 0.0359375 0.059375
4 0.73046875 0.2328125 0.0265625 0.04375
2 0.66171875 0.140625 0.1203125 0.1375