5 0.6078125 0.21796875 0.1375 0.1796875
5 0.87421875 0.509375 0.2484375 0.35625
5 0.4546875 0.24140625 0.14375 0.1734375
5 0.61953125 0.6561250000000001 0.5140625 0.684640625
5 0.50390625 0.1171875 0.0828125 0.115625
5 0.41796875 0.12890625 0.0765625 0.0734375
2 0.21015625 0.234375 0.1453125 0.146875
2 0.28984375 0.15546875 0.0859375 0.1078125
3 0.7171875 0.3984375 0.078125 0.128125
4 0.05546875 0.684375 0.0671875 0.1125
4 0.1203125 0.2765625 0.034375 0.05
4 0.11484375 0.38046875 0.0421875 0.0671875