5 0.16328125 0.38828125 0.2546875 0.3203125
5 0.54609375 0.16328125 0.0859375 0.1140625
5 0.44787499999999997 0.258578125 0.145765625 0.27659375
5 0.699609375 0.709765625 0.60078125 0.58046875
5 0.8546875 0.48832812499999995 0.290625 0.38289062500000004
5 0.3046875 0.15 0.059375 0.08125
5 0.4796875 0.08984375 0.065625 0.0890625
5 0.515625 0.4109375 0.19375 0.059375
3 0.68203125 0.3 0.1046875 0.109375
5 0.27734375 0.230234375 0.0828125 0.12703124999999998
4 0.0125 0.453125 0.025 0.1
4 0.1671875 0.21328125 0.028125 0.0421875
2 0.2283125 0.17821875 0.09456250000000001 0.10375000000000001