1 0.8796875 0.90859375 0.053125 0.0796875
1 0.5609375 0.87890625 0.096875 0.0796875
1 0.3734375 0.78671875 0.078125 0.0890625
1 0.20390625 0.95390625 0.0890625 0.0890625
1 0.75625 0.73671875 0.05625 0.0890625
1 0.3859375 0.6578125 0.05625 0.065625
1 0.778125 0.61015625 0.04375 0.0578125
1 0.10546875 0.7765625 0.0796875 0.08125
1 0.6109375 0.45625 0.03125 0.0375
1 0.0265625 0.71015625 0.053125 0.0515625
1 0.64296875 0.6546875 0.0546875 0.059375
1 0.82421875 0.75078125 0.0515625 0.0796875
1 0.78515625 0.53046875 0.0296875 0.0390625
1 0.1859375 0.81328125 0.0875 0.0828125
1 0.65546875 0.5109375 0.0328125 0.040625
1 0.68359375 0.59375 0.0421875 0.053125
1 0.03828125 0.77265625 0.0765625 0.0671875
1 0.871875 0.7546875 0.04375 0.071875
1 0.85390625 0.56953125 0.0390625 0.0546875
1 0.43359375 0.5625 0.0515625 0.04375
1 0.72421875 0.478125 0.0328125 0.0375
1 0.8703125 0.44921875 0.028125 0.0359375
1 0.91953125 0.434375 0.0265625 0.03125
1 0.6796875 0.4625 0.028125 0.034375
1 0.775 0.40859375 0.025 0.0328125
1 0.640625 0.58359375 0.040625 0.0453125
1 0.9671875 0.546875 0.028125 0.046875
1 0.75390625 0.4078125 0.0203125 0.03125
1 0.63984375 0.45 0.0265625 0.03125
1 0.95703125 0.4015625 0.0203125 0.0375
1 0.8453125 0.5 0.03125 0.040625