5 0.6765625 0.284375 0.140625 0.184375
5 0.79921875 0.45390625 0.2109375 0.2546875
5 0.18828125 0.4265625 0.1609375 0.24375
5 0.96640625 0.81640625 0.0640625 0.3640625
5 0.546875 0.128125 0.1 0.11875
5 0.48385937500000004 0.394 0.222921875 0.41200000000000003
5 0.265625 0.228125 0.090625 0.115625
5 0.42734375 0.1328125 0.0828125 0.128125
5 0.55234375 0.2296875 0.0984375 0.146875
2 0.303125 0.13515625 0.065625 0.0828125
5 0.4046875 0.0859375 0.053125 0.0875
5 0.4828125 0.1 0.071875 0.1125
3 0.2515625 0.30703125 0.096875 0.1171875
3 0.075 0.91796875 0.15 0.1609375
4 0.03828125 0.47109375 0.0515625 0.0828125
4 0.1765625 0.2875 0.028125 0.04375
4 0.1328125 0.3296875 0.034375 0.04375
4 0.11328125 0.4453125 0.0234375 0.06875