5 0.21065625 0.287921875 0.298328125 0.374140625
5 0.46015625 0.29375 0.2359375 0.321875
5 0.3390625 0.08359375 0.096875 0.1359375
5 0.35390625 0.71171875 0.5359375 0.5734375
5 0.03203125 0.75390625 0.0640625 0.4609375
5 0.46771874999999996 0.078796875 0.11015625 0.085171875
4 0.740046875 0.36640625 0.04796875 0.0859375
4 0.69609375 0.168609375 0.025093749999999998 0.033
4 0.6399843749999999 0.146046875 0.02371875 0.04228125
4 0.609375 0.125 0.021875 0.034375
4 0.8406874999999999 0.389984375 0.04675 0.088765625
5 0.57890625 0.059375 0.0828125 0.10625
5 0.327046875 0.124890625 0.06917187500000001 0.088265625