5 0.7171875 0.34609375 0.21875 0.3046875
5 0.53046875 0.146875 0.1046875 0.153125
5 0.884375 0.6390625 0.228125 0.634375
5 0.603125 0.22890625 0.115625 0.1515625
3 0.1171875 0.92890625 0.234375 0.1390625
5 0.44553125 0.24729687500000003 0.15267187499999998 0.21790625000000002
5 0.6015625 0.66640625 0.421875 0.5296875
5 0.284375 0.17265625 0.075 0.1140625
5 0.41015625 0.090625 0.0609375 0.09375
5 0.2234375 0.29921875 0.190625 0.1953125
5 0.4953125 0.37734375 0.2125 0.1640625
2 0.15078125 0.4328125 0.2671875 0.365625