5 0.8938437499999999 0.771875 0.209171875 0.453125
5 0.453125 0.0609375 0.08125 0.121875
5 0.29703124999999997 0.153125 0.1596875 0.240625
5 0.159640625 0.3765625 0.31928125 0.45625
5 0.58671875 0.09296875 0.0703125 0.0859375
5 0.02578125 0.8015625 0.0515625 0.39375
4 0.80234375 0.35546875 0.0390625 0.0609375
4 0.9411875000000001 0.450375 0.058562499999999997 0.100296875
4 0.76925 0.302328125 0.033390625 0.07034375000000001
4 0.74765625 0.23671875 0.0203125 0.0390625
4 0.8750312499999999 0.3759375 0.049484375000000004 0.085640625
4 0.653703125 0.13865624999999998 0.01990625 0.028937499999999998
4 0.82578125 0.33828125 0.0265625 0.0453125
4 0.62578125 0.10390625 0.0171875 0.0265625
3 0.787828125 0.46148437500000006 0.15037499999999998 0.153890625
3 0.60859375 0.146875 0.0671875 0.05625
3 0.68359375 0.240625 0.1109375 0.1125
5 0.4503125 0.301296875 0.167171875 0.098484375
5 0.437109375 0.21121875 0.118046875 0.09489062499999999
5 0.42781250000000004 0.66715625 0.485140625 0.6656875