1 0.165625 0.8859375 0.09375 0.16875
1 0.54296875 0.590625 0.0578125 0.115625
1 0.39140625 0.8859375 0.0828125 0.171875
1 0.8875 0.3671875 0.03125 0.075
1 0.74375 0.85390625 0.09375 0.1703125
1 0.6890625 0.29609375 0.0375 0.0765625
1 0.96015625 0.26015625 0.0515625 0.0734375
1 0.60390625 0.3 0.0359375 0.075
1 0.8265625 0.25703125 0.034375 0.0671875
1 0.4953125 0.3078125 0.034375 0.059375
1 0.9765625 0.14140625 0.04375 0.0515625
1 0.290625 0.04296875 0.025 0.0484375
1 0.9171875 0.85078125 0.096875 0.1609375
1 0.56953125 0.16796875 0.0296875 0.0609375
1 0.79375 0.30234375 0.028125 0.0703125
1 0.42109375 0.16875 0.0265625 0.065625
1 0.5171875 0.16796875 0.028125 0.0609375
1 0.95703125 0.77578125 0.0296875 0.1390625
1 0.69375 0.203125 0.01875 0.0375
1 0.5453125 0.09921875 0.025 0.0546875
1 0.9671875 0.08828125 0.021875 0.0484375
1 0.7324843750000001 0.584484375 0.0625 0.1234375
1 0.5921875 0.24921875 0.03125 0.0765625