4 0.274609375 0.2404375 0.01796875 0.026171875
4 0.3046875 0.20546875 0.015625 0.0203125
4 0.95 0.278125 0.01875 0.028125
4 0.26015625 0.235546875 0.0140625 0.02265625
5 0.7671875 0.19765625 0.08125 0.0765625
5 0.6765625 0.70625 0.59375 0.584375
3 0.953125 0.35078125 0.090625 0.0765625
5 0.1625 0.28671875 0.196875 0.1796875
5 0.32578125 0.69296875 0.2609375 0.2765625
5 0.55625 0.37421875 0.15 0.2171875
5 0.66328125 0.2140625 0.0734375 0.09375
5 0.5515625 0.21640625 0.1 0.1078125
5 0.459953125 0.174328125 0.073859375 0.07323437499999999
5 0.89765625 0.2625 0.0703125 0.0875
5 0.759375 0.328125 0.121875 0.190625
5 0.975 0.47578125 0.046875 0.2015625
5 0.69140625 0.1546875 0.0453125 0.05625
5 0.0515625 0.38828125 0.103125 0.0921875
5 0.878125 0.228125 0.059375 0.078125
5 0.8234375 0.17734375 0.0375 0.0515625
5 0.86171875 0.2015625 0.0453125 0.0625
5 0.7570781249999999 0.174328125 0.068546875 0.07573437499999999