5 0.6462343749999999 0.1909375 0.1154375 0.136671875
5 0.23203125 0.27734375 0.2265625 0.2734375
5 0.32865625 0.146359375 0.119796875 0.17710937499999999
5 0.49296875 0.26875 0.1078125 0.15625
5 0.43671875 0.40234375 0.1765625 0.2203125
5 0.05546875 0.6734375 0.1109375 0.5875
5 0.45703125 0.59921875 0.2515625 0.2671875
5 0.45396875000000003 0.08303125 0.08440625 0.145140625
5 0.46699999999999997 0.19040625 0.115234375 0.1973125
4 0.971875 0.69453125 0.053125 0.1390625
4 0.86640625 0.394203125 0.0453125 0.058484375
4 0.70440625 0.300484375 0.038078125000000004 0.070890625
4 0.735765625 0.349828125 0.037859375 0.06596874999999999
4 0.790625 0.38984375 0.028125 0.0578125
4 0.734375 0.28203125 0.025 0.0359375
4 0.7609375 0.40859375 0.04375 0.0796875
4 0.584375 0.146875 0.01875 0.03125
4 0.8113906249999999 0.306265625 0.038390625 0.07184375
4 0.7140625 0.18515625 0.01875 0.0296875
4 0.9109375 0.5515625 0.06875 0.121875
4 0.56484375 0.12890625 0.0171875 0.0234375
4 0.918609375 0.455875 0.0578125 0.069265625
2 0.603125 0.0796875 0.096875 0.096875
3 0.94921875 0.91796875 0.0984375 0.1609375
5 0.350046875 0.8520468749999999 0.70009375 0.29590625