5 0.10703125 0.6296875 0.2140625 0.7375
5 0.3046875 0.15859375 0.128125 0.1640625
3 0.803125 0.5015625 0.196875 0.209375
5 0.640671875 0.1609375 0.09678125 0.121875
5 0.46328125 0.1984375 0.1234375 0.146875
5 0.72840625 0.30625 0.153703125 0.196875
5 0.463265625 0.07109375 0.09221875 0.1265625
5 0.6941875 0.22734375 0.12159374999999999 0.1515625
5 0.3328125 0.06953125 0.1 0.1375
5 0.550953125 0.04296875 0.064390625 0.0671875
3 0.57734375 0.08595312499999999 0.0640625 0.065625
5 0.48046875 0.409375 0.2015625 0.278125
5 0.90546875 0.76484375 0.1859375 0.4671875
4 0.86640625 0.38984375 0.0546875 0.0890625
4 0.943171875 0.47865624999999995 0.0640625 0.08775
4 0.97234375 0.5025625 0.055296875 0.068109375
4 0.928375 0.41525 0.050875000000000004 0.08199999999999999
3 0.58828125 0.12421875 0.0484375 0.0578125