1 0.4609375 0.61484375 0.05625 0.1109375
1 0.84765625 0.37890625 0.0484375 0.0984375
1 0.32421875 0.3828125 0.0421875 0.0875
1 0.48046875 0.1265625 0.0234375 0.053125
1 0.90625 0.315625 0.034375 0.075
1 0.8375 0.725 0.05625 0.1375
1 0.75078125 0.334375 0.0421875 0.06875
1 0.66171875 0.33046875 0.0421875 0.0796875
1 0.871875 0.18828125 0.046875 0.0703125
1 0.39453125 0.24453125 0.0328125 0.0703125
1 0.6625 0.7453125 0.065625 0.15
1 0.61640625 0.60546875 0.0515625 0.1015625
1 0.44453125 0.1359375 0.0265625 0.053125
1 0.73828125 0.121875 0.0421875 0.05
1 0.08671875 0.23515625 0.0328125 0.0703125
1 0.18515625 0.1171875 0.0296875 0.05625
1 0.06796875 0.25546875 0.0328125 0.0671875
1 0.5375 0.10546875 0.025 0.0515625
1 0.01953125 0.45 0.0390625 0.1
1 0.603125 0.25234375 0.028125 0.0609375
1 0.29921875 0.29296875 0.0328125 0.0796875
1 0.15078125 0.1078125 0.0296875 0.05
1 0.1609375 0.20859375 0.028125 0.0671875
1 0.17578125 0.28203125 0.0421875 0.0859375
1 0.23984375 0.1234375 0.0265625 0.05
1 0.53984375 0.24296875 0.0359375 0.0734375
1 0.578125 0.18671875 0.028125 0.0515625