5 0.44921875 0.2515625 0.1328125 0.175
5 0.7015625 0.3140625 0.259375 0.346875
5 0.21796875 0.33203125 0.1421875 0.1796875
5 0.28332812500000004 0.18359375 0.096875 0.1359375
5 0.4125 0.096875 0.065625 0.10625
5 0.10234375 0.73046875 0.2046875 0.4734375
5 0.48046875 0.09140625 0.0703125 0.0828125
5 0.5890625 0.20625 0.128125 0.19375
5 0.68515625 0.94375 0.4734375 0.109375
5 0.5609375 0.7265625 0.315625 0.496875
2 0.88671875 0.690625 0.2234375 0.615625
4 0.05859375 0.41015625 0.0359375 0.0671875
4 0.1453125 0.3203125 0.025 0.05
4 0.1078125 0.36796875 0.040625 0.0640625
4 0.203125 0.20703125 0.021875 0.0484375
4 0.22578125 0.20234375 0.0234375 0.0484375
3 0.12578125 0.475 0.1328125 0.053125