5 0.68671875 0.253125 0.1328125 0.16875
5 0.329703125 0.1203125 0.095328125 0.11875
5 0.4359375 0.25546875 0.165625 0.3296875
5 0.61328125 0.1375 0.0859375 0.109375
5 0.57578125 0.0671875 0.0609375 0.078125
5 0.353125 0.034375 0.05625 0.06875
5 0.644828125 0.194953125 0.101265625 0.11179687499999999
4 0.83946875 0.330828125 0.036703124999999996 0.073671875
4 0.766734375 0.268125 0.0265625 0.040625
4 0.7931250000000001 0.312921875 0.0396875 0.05109375000000001
4 0.67109375 0.1296875 0.0203125 0.025
2 0.23984375 0.08125 0.0984375 0.125
2 0.890625 0.66328125 0.215625 0.4390625
5 0.4 0.79609375 0.490625 0.4046875
5 0.46153125 0.050234375 0.082453125 0.090140625