5 0.75546875 0.2765625 0.2296875 0.2875
5 0.35 0.03671875 0.065625 0.0734375
5 0.6078125 0.10234375 0.06875 0.0953125
5 0.46796875 0.2015625 0.1515625 0.19375
5 0.45078125 0.04296875 0.0890625 0.0859375
5 0.31315624999999997 0.15703125 0.13570312499999998 0.1578125
5 0.57509375 0.0546875 0.090421875 0.109375
4 0.9703125 0.58984375 0.05625 0.1265625
4 0.90859375 0.44471875 0.0421875 0.057437499999999996
4 0.88125 0.36640625 0.0375 0.0765625
2 0.071875 0.67578125 0.14375 0.4890625
2 0.44437499999999996 0.8140625 0.54875 0.36875
5 0.41953125 0.46015625 0.2765625 0.3578125
3 0.24375 0.10078125 0.053125 0.0484375
3 0.24609375 0.28671875 0.1171875 0.1265625
3 0.615625 0.1734375 0.065625 0.065625