4 0.9535937499999999 0.28803125 0.0228125 0.027078124999999998
4 0.297546875 0.2214375 0.04196875 0.019640625000000002
4 0.19453125 0.2265625 0.0390625 0.025
4 0.6974218750000001 0.2376875 0.026078125 0.0215
4 0.9890625 0.3015625 0.01875 0.03125
4 0.644953125 0.23329687500000001 0.03053125 0.014656250000000001
2 0.4703125 0.2015625 0.1625 0.06875
2 0.375 0.1828125 0.0625 0.0625
5 0.7429218750000001 0.14296875 0.05 0.0328125
3 0.196875 0.36171875 0.096875 0.0796875
5 0.756703125 0.29453125 0.103125 0.0328125
5 0.73984375 0.55 0.2484375 0.484375
5 0.96484375 0.41171875 0.0671875 0.1390625
5 0.3994375 0.5609375 0.359234375 0.475
5 0.760046875 0.249671875 0.097765625 0.12701562500000002
5 0.63515625 0.28828125 0.0734375 0.0921875
5 0.6734375 0.1765625 0.05 0.071875
5 0.809375 0.20078125 0.04375 0.0609375
5 0.5671875 0.2234375 0.103125 0.121875
5 0.8984375 0.27578125 0.0625 0.0828125
5 0.8875 0.2515625 0.06875 0.08125
5 0.5875 0.32109375 0.1125 0.1390625
5 0.747953125 0.173375 0.049921875 0.039375
5 0.031093749999999996 0.4366875 0.059312500000000004 0.11567187500000001