1 0.74296875 0.728125 0.0953125 0.153125
1 0.65078125 0.60546875 0.0609375 0.1234375
1 0.04375 0.47578125 0.040625 0.1140625
1 0.953125 0.81015625 0.090625 0.1859375
1 0.96875 0.29375 0.05625 0.084375
1 0.8609375 0.61328125 0.075 0.1390625
1 0.41171875 0.4765625 0.0390625 0.090625
1 0.72265625 0.134375 0.0265625 0.059375
1 0.45390625 0.50234375 0.0390625 0.1078125
1 0.88828125 0.259375 0.0296875 0.08125
1 0.5453125 0.50234375 0.021875 0.0609375
1 0.353125 0.41796875 0.04375 0.0984375
1 0.76796875 0.2625 0.0390625 0.084375
1 0.64453125 0.31484375 0.0484375 0.0859375
1 0.57578125 0.55546875 0.0359375 0.1015625
1 0.375 0.4046875 0.034375 0.078125
1 0.55078125 0.31328125 0.0359375 0.0859375
1 0.103125 0.484375 0.071875 0.109375
1 0.70234375 0.3234375 0.0328125 0.08125