5 0.16795312499999998 0.326640625 0.33590624999999996 0.4671875
5 0.31770312500000003 0.1515625 0.11665624999999999 0.20625
5 0.471765625 0.23240625 0.19784375 0.136078125
5 0.459078125 0.64190625 0.40560937499999994 0.716171875
5 0.568828125 0.06796875 0.05923437499999999 0.0765625
2 0.29453125 0.03203125 0.0734375 0.0640625
5 0.45990624999999996 0.108265625 0.11043750000000001 0.12903125
4 0.8397656250000001 0.453609375 0.051703125 0.095890625
4 0.68046875 0.18203125 0.0265625 0.0453125
4 0.91171875 0.54609375 0.0578125 0.1140625
4 0.95234375 0.824078125 0.0859375 0.16434375
4 0.773859375 0.256453125 0.032390625 0.060953125
4 0.70809375 0.21740624999999997 0.0318125 0.05582812499999999
4 0.87440625 0.374046875 0.049484375000000004 0.08315625
4 0.66640625 0.1375 0.0203125 0.03125
4 0.953125 0.6359375 0.06875 0.128125
4 0.93246875 0.44921875 0.058671875 0.09928125
2 0.59453125 0.10078125 0.0734375 0.0890625
3 0.7296875 0.36875 0.14375 0.125
5 0.44921875 0.023921875000000002 0.052531249999999995 0.047546875