1 0.41484375 0.8796875 0.0984375 0.15625
1 0.325 0.6265625 0.071875 0.134375
1 0.1984375 0.53671875 0.071875 0.1171875
1 0.7984375 0.56953125 0.0625 0.1234375
1 0.52890625 0.39375 0.0484375 0.103125
1 0.04453125 0.4765625 0.0515625 0.115625
1 0.71015625 0.4953125 0.0640625 0.109375
1 0.96640625 0.29765625 0.0546875 0.0828125
1 0.80390625 0.346875 0.0328125 0.084375
1 0.315625 0.321875 0.04375 0.078125
1 0.471875 0.3546875 0.040625 0.071875
1 0.1046875 0.48984375 0.071875 0.1046875
1 0.875 0.5078125 0.0625 0.115625
1 0.4015625 0.36640625 0.040625 0.0828125
1 0.6171875 0.27578125 0.03125 0.0734375
1 0.73984375 0.2109375 0.0359375 0.071875
1 0.63984375 0.44296875 0.0265625 0.0828125
1 0.596875 0.37421875 0.05 0.0953125