5 0.14065624999999998 0.38537499999999997 0.281296875 0.292625
5 0.40078125 0.63671875 0.5296875 0.7234375
5 0.079359375 0.66953125 0.158703125 0.3765625
5 0.230546875 0.24900000000000003 0.185234375 0.221875
5 0.597953125 0.07421875 0.097828125 0.1203125
5 0.295609375 0.155296875 0.16309374999999998 0.23959375
3 0.058125 0.022390625 0.047515625 0.04478125
4 0.79159375 0.2648125 0.03453125 0.06559374999999999
4 0.8415312500000001 0.32265625 0.0481875 0.0703125
2 0.671390625 0.198125 0.16140625 0.175625
2 0.47890625 0.221875 0.1890625 0.134375
5 0.46451562500000004 0.075015625 0.105359375 0.071359375
5 0.458390625 0.161640625 0.130671875 0.11390625000000001