1 0.27734375 0.88515625 0.0796875 0.1359375
1 0.4109375 0.75859375 0.0625 0.1203125
1 0.90078125 0.796875 0.0421875 0.121875
1 0.30625 0.621875 0.046875 0.103125
1 0.5890625 0.5671875 0.028125 0.078125
1 0.753125 0.571875 0.053125 0.1
1 0.68359375 0.3875 0.0359375 0.065625
1 0.88125 0.57734375 0.046875 0.0921875
1 0.79453125 0.471875 0.0234375 0.065625
1 0.51015625 0.528125 0.0359375 0.08125
1 0.4609375 0.56875 0.053125 0.1
1 0.953125 0.3859375 0.090625 0.1
1 0.3625 0.49140625 0.025 0.0640625
1 0.33359375 0.43828125 0.0265625 0.0734375
1 0.59609375 0.83125 0.0640625 0.128125
1 0.31328125 0.28359375 0.0296875 0.0546875
1 0.05546875 0.7328125 0.0859375 0.125
1 0.40859375 0.5203125 0.0390625 0.0875
1 0.39921875 0.30390625 0.0265625 0.0515625
1 0.62265625 0.4609375 0.0390625 0.08125
1 0.2984375 0.4046875 0.0375 0.065625
1 0.55390625 0.51015625 0.0265625 0.0828125
1 0.82734375 0.51875 0.0296875 0.078125
1 0.61015625 0.31875 0.0328125 0.06875