5 0.14609375 0.52734375 0.2921875 0.6859375
5 0.4421875 0.5328125 0.3375 0.690625
5 0.324359375 0.136203125 0.078828125 0.105734375
5 0.467359375 0.157828125 0.12734375 0.084328125
5 0.57946875 0.05703125 0.0848125 0.1015625
5 0.467515625 0.078296875 0.10890625000000001 0.08559375
4 0.80859375 0.390625 0.0453125 0.0875
4 0.753125 0.23515625 0.028125 0.0484375
4 0.62109375 0.15703125 0.0234375 0.0421875
4 0.6515625 0.19609375 0.03125 0.0453125
4 0.67421875 0.1765625 0.0234375 0.040625
4 0.793453125 0.2855625 0.043484375 0.06471875
4 0.7046875 0.228125 0.028125 0.04375
4 0.73515625 0.3046875 0.0421875 0.071875
4 0.584375 0.155859375 0.021875 0.044328125
4 0.724171875 0.19765625 0.032328125 0.05234375
4 0.821875 0.3296875 0.034375 0.05
4 0.67578125 0.31640625 0.0390625 0.0765625
4 0.6046875 0.1265625 0.015625 0.025
5 0.340203125 0.085109375 0.097296875 0.14228125