1 0.88203125 0.5546875 0.0390625 0.05
1 0.9578125 0.86640625 0.0625 0.0796875
1 0.88671875 0.95078125 0.0671875 0.0953125
1 0.725 0.76484375 0.0625 0.0734375
1 0.79453125 0.53984375 0.0296875 0.0453125
1 0.18125 0.8265625 0.071875 0.090625
1 0.453125 0.5125 0.04375 0.040625
1 0.66328125 0.89140625 0.0640625 0.0953125
1 0.71171875 0.93828125 0.0703125 0.1046875
1 0.490625 0.9515625 0.1 0.09375
1 0.74140625 0.96875 0.1078125 0.059375
1 0.45390625 0.79375 0.0671875 0.0875
1 0.70234375 0.41640625 0.0234375 0.0328125
1 0.74609375 0.5359375 0.0328125 0.046875
1 0.73671875 0.41640625 0.0296875 0.0359375
1 0.771875 0.5890625 0.04375 0.05625
1 0.534375 0.6875 0.059375 0.065625
1 0.581140625 0.499015625 0.0388125 0.055359375
1 0.8828125 0.8390625 0.059375 0.075
1 0.3078125 0.9484375 0.1125 0.096875
1 0.8640625 0.48671875 0.025 0.0421875
1 0.55859375 0.58203125 0.0484375 0.0484375
1 0.76875 0.46328125 0.028125 0.0359375
1 0.25625 0.6328125 0.065625 0.065625
1 0.48203125 0.65546875 0.0515625 0.0609375
1 0.859375 0.65390625 0.04375 0.0640625
1 0.47421875 0.84765625 0.0546875 0.0828125
1 0.91171875 0.6578125 0.0390625 0.0625
1 0.8046875 0.43671875 0.025 0.0328125
1 0.35234375 0.6609375 0.0703125 0.0625
1 0.9140625 0.48984375 0.021875 0.0390625
1 0.93046875 0.45390625 0.0265625 0.0328125
1 0.95859375 0.6765625 0.0484375 0.053125
1 0.9434531249999999 0.5108125 0.03234375 0.051796875
1 0.9734375 0.40703125 0.021875 0.0328125
1 0.86484375 0.446875 0.0296875 0.03125
1 0.30625 0.65625 0.0625 0.06875
1 0.2375 0.84609375 0.078125 0.0859375