5 0.21484375 0.3828125 0.1359375 0.215625
5 0.5691875 0.700375 0.247765625 0.416390625
5 0.1328125 0.78359375 0.265625 0.4296875
5 0.5984375 0.20859375 0.140625 0.1734375
5 0.27421875 0.2015625 0.0921875 0.134375
5 0.44375 0.22578125 0.121875 0.1109375
5 0.3046875 0.1453125 0.065625 0.090625
5 0.51171875 0.134375 0.0734375 0.09375
5 0.47265625 0.38203125 0.1703125 0.2296875
5 0.42265625 0.15203125 0.0859375 0.1365625
3 0.73515625 0.44765625 0.1578125 0.1640625
4 0.075 0.44765625 0.04375 0.0734375
4 0.1328125 0.38984375 0.040625 0.0609375
4 0.053125 0.40625 0.03125 0.05625
4 0.2109375 0.23359375 0.021875 0.0359375
4 0.19296875 0.24375 0.0234375 0.0375
4 0.1609375 0.290625 0.025 0.040625