5 0.72421875 0.34140625 0.2203125 0.2921875
5 0.19375 0.33125 0.1875 0.290625
5 0.52421875 0.5046875 0.3578125 0.3375
5 0.45390625 0.24914062499999998 0.1609375 0.21423437500000003
5 0.58984375 0.24296875 0.1265625 0.1734375
5 0.48671875 0.09375 0.0640625 0.090625
5 0.55390625 0.1546875 0.1140625 0.13125
5 0.403125 0.06015625 0.05 0.0453125
5 0.33359375 0.0796875 0.0515625 0.065625
5 0.29375 0.1796875 0.078125 0.103125
5 0.41875 0.1265625 0.075 0.065625
5 0.2671875 0.23125 0.0875 0.121875
4 0.0546875 0.36640625 0.034375 0.0578125
4 0.01484375 0.48125 0.0296875 0.078125
4 0.29296875 0.1140625 0.0140625 0.025
4 0.2578125 0.13359375 0.0125 0.0234375
4 0.27734375 0.1140625 0.0140625 0.028125
4 0.08828125 0.3390625 0.0265625 0.053125
3 0.9140625 0.69609375 0.16875 0.2859375
3 0.446875 0.053125 0.028125 0.03125
5 0.61034375 0.823890625 0.514703125 0.35221874999999997