1 0.465625 0.7140625 0.075 0.134375
1 0.90625 0.35 0.05 0.0875
1 0.52265625 0.3515625 0.0421875 0.103125
1 0.84765625 0.30078125 0.0453125 0.0796875
1 0.75859375 0.53984375 0.0640625 0.1203125
1 0.06328125 0.2828125 0.0546875 0.084375
1 0.90234375 0.63203125 0.0578125 0.1203125
1 0.32734375 0.375 0.0546875 0.096875
1 0.6109375 0.21328125 0.0375 0.0734375
1 0.5625 0.59453125 0.078125 0.1359375
1 0.965625 0.37890625 0.05625 0.0953125
1 0.36640625 0.23125 0.0265625 0.065625
1 0.32265625 0.215625 0.0296875 0.075
1 0.34140625 0.56875 0.0609375 0.11875
1 0.121875 0.7828125 0.234375 0.153125
1 0.4203125 0.45390625 0.053125 0.0921875
1 0.771875 0.19765625 0.084375 0.0640625
1 0.415625 0.2890625 0.03125 0.084375
1 0.3921875 0.2515625 0.025 0.084375
1 0.06640625 0.80703125 0.1109375 0.1734375
1 0.4421875 0.58671875 0.084375 0.1140625
1 0.9609375 0.68515625 0.075 0.1390625
1 0.49296875 0.55859375 0.0546875 0.0984375
1 0.8046875 0.37578125 0.034375 0.0953125
1 0.6953125 0.4625 0.0625 0.1125
1 0.64921875 0.71171875 0.0890625 0.1484375