1 0.634375 0.95 0.06875 0.096875
1 0.3296875 0.8796875 0.05 0.096875
1 0.62734375 0.64609375 0.0296875 0.0546875
1 0.725 0.7484375 0.040625 0.078125
1 0.42109375 0.88515625 0.0515625 0.0984375
1 0.46953125 0.7515625 0.0421875 0.0875
1 0.54375 0.5984375 0.025 0.053125
1 0.67578125 0.8328125 0.0515625 0.084375
1 0.20078125 0.87109375 0.0640625 0.0890625
1 0.6234375 0.55234375 0.021875 0.0453125
1 0.50625 0.58984375 0.028125 0.0515625
1 0.14375 0.81484375 0.059375 0.0859375
1 0.82265625 0.53984375 0.0203125 0.0484375
1 0.7953125 0.50546875 0.015625 0.0359375
1 0.84921875 0.56328125 0.0265625 0.0484375
1 0.6984375 0.5546875 0.021875 0.04375
1 0.73515625 0.58203125 0.0234375 0.0453125
1 0.24609375 0.8140625 0.0484375 0.065625
1 0.8921875 0.56328125 0.025 0.0453125
1 0.5890625 0.52734375 0.015625 0.0359375
1 0.66875 0.5828125 0.025 0.046875
1 0.7578125 0.62578125 0.03125 0.0546875
1 0.875 0.5203125 0.01875 0.040625
1 0.6640625 0.52265625 0.01875 0.0328125