2 0.74453125 0.29453125 0.1015625 0.1421875
3 0.615625 0.32890625 0.06875 0.0640625
3 0.7359375 0.61328125 0.153125 0.1515625
3 0.85234375 0.2390625 0.0234375 0.034375
3 0.86328125 0.26875 0.0203125 0.046875
5 0.20859375 0.7609375 0.4171875 0.475
5 0.75 0.39140625 0.103125 0.1515625
5 0.6453125 0.2359375 0.075 0.134375
5 0.174203125 0.339296875 0.264046875 0.24326562499999999
5 0.67890625 0.20078125 0.0484375 0.0703125
5 0.94921875 0.3609375 0.0921875 0.125
2 0.84609375 0.2046875 0.0546875 0.071875
2 0.92109375 0.28203125 0.1015625 0.1296875
5 0.45414062499999996 0.19048437499999998 0.045796875 0.069578125
5 0.889625 0.22756249999999997 0.052015624999999996 0.06135937500000001
5 0.98671875 0.53125 0.0234375 0.18125
5 0.7578125 0.23326562499999998 0.078125 0.04284375
5 0.742515625 0.1796875 0.0484375 0.06875
5 0.36507812500000003 0.272453125 0.099671875 0.094140625
5 0.33415625000000004 0.23351562499999998 0.093828125 0.11260937499999998
5 0.822125 0.190453125 0.039125 0.053671875