5 0.77421875 0.41328125 0.2515625 0.3171875
5 0.1473125 0.51953125 0.294625 0.4109375
5 0.6228125 0.752640625 0.479375 0.49157812500000003
5 0.56484375 0.17421875 0.0984375 0.1203125
5 0.89453125 0.71328125 0.2078125 0.3859375
5 0.490625 0.375 0.20625 0.3
5 0.4609375 0.19765625 0.128125 0.0671875
5 0.24035937500000001 0.297640625 0.126375 0.147578125
3 0.08984375 0.8609375 0.1796875 0.275
3 0.621875 0.296875 0.075 0.08125
5 0.6015625 0.23984375 0.0875 0.0859375
5 0.05078125 0.8859375 0.1015625 0.225
5 0.5163125 0.11751562499999998 0.07876562499999999 0.10671875
5 0.47301562500000005 0.07425000000000001 0.04803125 0.0779375