5 0.75859375 0.4 0.3640625 0.46875
5 0.5109375 0.11875 0.078125 0.10625
5 0.4625 0.06796875 0.053125 0.0734375
5 0.44296875 0.19296875 0.1140625 0.1078125
2 0.09765625 0.5625 0.1953125 0.415625
5 0.562046875 0.61690625 0.391515625 0.7630625
3 0.23046875 0.41125 0.0984375 0.103125
3 0.23125 0.28828125 0.084375 0.0796875
3 0.57421875 0.2390625 0.0265625 0.06875
5 0.2900625 0.19540625 0.080140625 0.11542187500000001
4 0.07265625 0.28671875 0.0171875 0.0296875
5 0.40778125000000004 0.07964062499999999 0.054171875 0.080921875