1 0.23203125 0.92578125 0.0640625 0.0921875
1 0.45 0.93671875 0.059375 0.1046875
1 0.51796875 0.96015625 0.0515625 0.0765625
1 0.82109375 0.83203125 0.0484375 0.0890625
1 0.62421875 0.88671875 0.0484375 0.0921875
1 0.53125 0.80078125 0.05 0.0859375
1 0.36171875 0.7203125 0.0390625 0.06875
1 0.74296875 0.81328125 0.0453125 0.0828125
1 0.60546875 0.54375 0.0265625 0.04375
1 0.29921875 0.803125 0.0484375 0.078125
1 0.565625 0.5359375 0.025 0.04375
1 0.67890625 0.7984375 0.0484375 0.090625
1 0.4484375 0.7046875 0.034375 0.05625
1 0.82890625 0.59375 0.0296875 0.053125
1 0.71171875 0.534375 0.0203125 0.040625
1 0.75703125 0.66171875 0.0328125 0.0578125
1 0.15809375 0.8306875 0.0463125 0.111359375
1 0.5484375 0.703125 0.0375 0.059375
1 0.66328125 0.5328125 0.0203125 0.040625
1 0.58828125 0.640625 0.0296875 0.065625
1 0.8640625 0.515625 0.021875 0.04375
1 0.73046875 0.7109375 0.0453125 0.04375
1 0.7921875 0.51328125 0.01875 0.0421875
1 0.890625 0.5171875 0.01875 0.0375
1 0.45625 0.8078125 0.053125 0.0875
1 0.76796875 0.5359375 0.0171875 0.0375
1 0.746875 0.51328125 0.01875 0.0390625
1 0.81953125 0.53203125 0.0234375 0.0359375