4 0.28203125 0.0390625 0.0390625 0.028125
4 0.5484375 0.04375 0.0375 0.028125
2 0.2875 0.5265625 0.45 0.565625
2 0.975 0.253125 0.046875 0.228125
2 0.334375 0.0359375 0.053125 0.071875
3 0.196875 0.03125 0.103125 0.034375
3 0.06328125 0.94921875 0.1265625 0.0984375
3 0.76015625 0.28671875 0.1265625 0.0609375
3 0.7640625 0.234375 0.096875 0.078125
3 0.890625 0.10078125 0.025 0.0546875
5 0.77109375 0.12890625 0.1265625 0.2265625
5 0.36953125 0.03984375 0.1234375 0.0796875
5 0.4734375 0.2828125 0.29375 0.38125
5 0.94140625 0.12109375 0.0921875 0.1265625
5 0.6515625 0.08125 0.09375 0.159375
5 0.959375 0.20078125 0.06875 0.1265625
5 0.5703125 0.1453125 0.171875 0.1875
5 0.74296875 0.65390625 0.5078125 0.6890625
5 0.95 0.04296875 0.06875 0.0515625