1 0.69375 0.85390625 0.05625 0.1453125
1 0.41796875 0.93359375 0.0828125 0.1296875
1 0.33046875 0.75078125 0.0578125 0.1234375
1 0.92421875 0.884375 0.0578125 0.1375
1 0.5890625 0.9234375 0.071875 0.1375
1 0.6078125 0.603125 0.03125 0.084375
1 0.93046875 0.61171875 0.0515625 0.1015625
1 0.54375 0.5703125 0.040625 0.08125
1 0.76796875 0.6125 0.0453125 0.103125
1 0.88828125 0.58671875 0.0390625 0.0734375
1 0.05546875 0.73359375 0.0859375 0.1265625
1 0.71015625 0.40234375 0.0328125 0.0640625
1 0.44140625 0.2734375 0.0296875 0.059375
1 0.26328125 0.37734375 0.0265625 0.0671875
1 0.38671875 0.5734375 0.0421875 0.0875
1 0.35546875 0.5265625 0.0234375 0.071875
1 0.47578125 0.60703125 0.0578125 0.1140625
1 0.809375 0.59765625 0.028125 0.0796875
1 0.9703125 0.4796875 0.04375 0.0875
1 0.23359375 0.38671875 0.0234375 0.0578125
1 0.40703125 0.3171875 0.0296875 0.05625
1 0.8625 0.5 0.028125 0.065625
1 0.75859375 0.40078125 0.0328125 0.0640625
1 0.659375 0.49296875 0.040625 0.0859375
1 0.209375 0.2984375 0.03125 0.053125
1 0.08046875 0.39609375 0.0671875 0.0765625
1 0.60703125 0.31796875 0.0328125 0.0546875
1 0.68359375 0.4265625 0.0234375 0.065625
1 0.25625 0.290625 0.028125 0.05
1 0.3203125 0.4375 0.04375 0.075
1 0.19296875 0.38046875 0.0390625 0.0640625
1 0.34765625 0.29375 0.0328125 0.059375
1 0.203125 0.9171875 0.109375 0.1625