5 0.569140625 0.608015625 0.3439375 0.5404375
5 0.096875 0.76875 0.19375 0.459375
5 0.55703125 0.16484375 0.1078125 0.1546875
5 0.85703125 0.64296875 0.2828125 0.7109375
5 0.4796875 0.2875 0.115625 0.121875
5 0.25859375 0.26875 0.0984375 0.134375
5 0.44453125 0.20390625 0.1015625 0.1453125
2 0.27890625 0.20390625 0.1046875 0.1421875
4 0.08203125 0.46484375 0.0453125 0.0796875
4 0.121875 0.2984375 0.028125 0.05
4 0.04296875 0.526171875 0.0546875 0.04140625
4 0.021875 0.440625 0.04375 0.078125
4 0.11875 0.41640625 0.04375 0.0734375
4 0.19296875 0.24921875 0.0234375 0.0328125
4 0.07734375 0.384375 0.0328125 0.065625
5 0.21751562500000002 0.3535625 0.13995312499999998 0.189765625