5 0.88359375 0.70078125 0.2296875 0.4453125
5 0.18359375 0.43828125 0.1765625 0.2546875
5 0.55546875 0.6120625000000001 0.4203125 0.77275
5 0.655375 0.2815625 0.22360937500000003 0.305609375
5 0.07890625 0.890625 0.1578125 0.215625
5 0.427609375 0.15584375 0.09790625 0.147703125
5 0.2640625 0.22109375 0.096875 0.0796875
5 0.24296875 0.30703125 0.1171875 0.1703125
4 0.18515625 0.259375 0.0265625 0.046875
4 0.10546875 0.69140625 0.0734375 0.1234375
4 0.01640625 0.578125 0.0328125 0.071875
4 0.01328125 0.68359375 0.0265625 0.1046875
4 0.06875 0.73671875 0.078125 0.1046875
4 0.06796875 0.76875 0.0765625 0.04375
5 0.5515156250000001 0.16498437500000002 0.09962499999999999 0.119921875
5 0.520953125 0.13182812500000002 0.075140625 0.096609375
5 0.29303124999999997 0.17024999999999998 0.06393750000000001 0.0985625