5 0.713328125 0.290625 0.14520312500000002 0.178125
5 0.8640625 0.55546875 0.26875 0.3390625
5 0.07734375 0.69296875 0.1546875 0.6109375
5 0.46328125 0.5953125 0.3796875 0.678125
5 0.315421875 0.110421875 0.12145312500000001 0.16665625
2 0.455546875 0.08203125 0.089109375 0.10995312500000001
5 0.478890625 0.192171875 0.151515625 0.162546875
5 0.56875 0.0609375 0.053125 0.075
5 0.36796875 0.0265625 0.0515625 0.05
5 0.458578125 0.0234375 0.069125 0.046875
4 0.69375 0.16640625 0.021875 0.0328125
4 0.59453125 0.1203125 0.0203125 0.03125
4 0.6125 0.1296875 0.01875 0.028125
3 0.241359375 0.1 0.063953125 0.05
3 0.64609375 0.19609375 0.0921875 0.0796875
4 0.731296875 0.187703125 0.028687499999999998 0.033265625