5 0.156796875 0.4640625 0.313578125 0.628125
5 0.313609375 0.1421875 0.11160937500000001 0.14375
5 0.45267187499999995 0.21171875 0.152234375 0.2609375
5 0.68359375 0.2390625 0.1046875 0.121875
5 0.6578125 0.18125 0.10625 0.125
5 0.0375 0.046875 0.075 0.09375
5 0.62109375 0.140625 0.0796875 0.10625
4 0.8465 0.407046875 0.050734375 0.08903124999999999
4 0.969453125 0.54475 0.06109375 0.079296875
4 0.7640625 0.25625 0.025 0.0375
4 0.801109375 0.29596875 0.027437499999999997 0.050171875
4 0.878125 0.39453125 0.03125 0.0578125
4 0.83515625 0.334375 0.0296875 0.04375
2 0.49226562500000004 0.50078125 0.293890625 0.5203125
3 0.725 0.33046875 0.109375 0.1015625
3 0.88203125 0.69140625 0.2328125 0.2234375