5 0.1421875 0.42734375 0.284375 0.5765625
5 0.449 0.16171875 0.088640625 0.1296875
4 0.61490625 0.175546875 0.028718749999999998 0.047953125
4 0.69921875 0.28731249999999997 0.0390625 0.062875
4 0.76953125 0.25390625 0.0265625 0.0390625
4 0.643453125 0.19709375 0.02559375 0.052671875
4 0.8055 0.30809375 0.045375 0.043171875
4 0.59296875 0.11484375 0.0203125 0.0296875
4 0.66171875 0.1796875 0.0234375 0.03125
4 0.68671875 0.16484375 0.0171875 0.0296875
4 0.7059375 0.22568749999999999 0.03409375 0.050078124999999994
4 0.726453125 0.20801562499999998 0.027390625000000002 0.049609375
2 0.859375 0.59375 0.278125 0.54375
5 0.57109375 0.071875 0.0703125 0.08125
5 0.45234375 0.06796875 0.0640625 0.0640625
5 0.33671875 0.07890625 0.0828125 0.1171875