5 0.11834375 0.48482812500000005 0.2366875 0.361234375
5 0.222171875 0.25965625000000003 0.19115625 0.22760937499999997
5 0.2934375 0.15703125 0.161875 0.2390625
5 0.6148125 0.09503125 0.10789062499999999 0.13179687499999998
5 0.4640625 0.0828125 0.109375 0.084375
2 0.48125 0.2265625 0.190625 0.1375
5 0.39921875 0.6388125 0.5421875 0.719265625
4 0.91875 0.43671875 0.05625 0.0859375
4 0.6671875 0.21640625 0.028125 0.0453125
4 0.6984375 0.27734375 0.034375 0.0609375
4 0.73125 0.3109375 0.03125 0.059375
4 0.82578125 0.32421875 0.0390625 0.0671875
4 0.759375 0.2890625 0.03125 0.05
4 0.74375 0.22734375 0.021875 0.0359375
4 0.7046875 0.21015625 0.021875 0.0296875
4 0.72578125 0.2453125 0.0234375 0.03125
4 0.779921875 0.25353125 0.0265625 0.0390625
3 0.625 0.15 0.090625 0.103125
2 0.01796875 0.03203125 0.0359375 0.0640625
3 0.0515625 0.08671875 0.0625 0.0578125