1 0.890625 0.684375 0.090625 0.146875
1 0.6125 0.84375 0.096875 0.171875
1 0.77109375 0.6890625 0.0484375 0.13125
1 0.3078125 0.7390625 0.071875 0.14375
1 0.42265625 0.30859375 0.0390625 0.0890625
1 0.57109375 0.478125 0.0421875 0.1
1 0.075 0.9625 0.1 0.071875
1 0.60703125 0.2921875 0.0484375 0.0875
1 0.50625 0.3171875 0.0375 0.08125
1 0.06484375 0.28359375 0.0546875 0.0859375
1 0.54765625 0.28125 0.0296875 0.071875
1 0.96171875 0.5984375 0.0390625 0.096875
1 0.3375 0.30546875 0.028125 0.0828125
1 0.7859375 0.3203125 0.034375 0.075
1 0.8484375 0.340625 0.034375 0.0875
1 0.67109375 0.31796875 0.0453125 0.0859375
1 0.36484375 0.26640625 0.0265625 0.0765625
1 0.24453125 0.29375 0.0828125 0.078125
1 0.440625 0.840625 0.109375 0.175
1 0.06328125 0.81015625 0.1171875 0.1640625
1 0.0859375 0.478125 0.065625 0.103125
1 0.19140625 0.77890625 0.0953125 0.1453125
1 0.9375 0.46171875 0.06875 0.1203125
1 0.9515625 0.58125 0.0625 0.13125