5 0.519015625 0.14025 0.08140625 0.11325
5 0.245640625 0.2993125 0.14128125 0.2205
5 0.471359375 0.242546875 0.15712500000000001 0.254453125
2 0.08515625 0.7484375 0.1703125 0.5
4 0.146875 0.3125 0.03125 0.053125
4 0.17265625 0.290625 0.0203125 0.05
4 0.1015625 0.3765625 0.0375 0.065625
4 0.24743750000000003 0.16428125 0.020734375 0.030828125
3 0.19375 0.51875 0.1375 0.178125
3 0.31015625 0.25703125 0.0265625 0.0703125
5 0.287890625 0.1675625 0.055484374999999996 0.0805
5 0.314453125 0.13765624999999998 0.052328125 0.07470312500000001