4 0.009375 0.32265625 0.01875 0.0390625
4 0.0765625 0.31328125 0.021875 0.0359375
4 0.26968749999999997 0.22218749999999998 0.014374999999999999 0.024375
4 0.29203125 0.220625 0.015312500000000001 0.024375
2 0.17890625 0.30546875 0.1609375 0.1390625
2 0.7078125 0.76484375 0.45 0.4671875
3 0.36484375 0.2609375 0.0578125 0.046875
3 0.93671875 0.39453125 0.0359375 0.0734375
3 0.98515625 0.54453125 0.0265625 0.1234375
5 0.9734375 0.3984375 0.05 0.165625
5 0.5578125 0.39453125 0.159375 0.2109375
5 0.31796875 0.66171875 0.4890625 0.6640625
5 0.865625 0.21953125 0.05 0.0609375
5 0.43860937499999997 0.178015625 0.080359375 0.093984375
5 0.6796875 0.18125 0.034375 0.046875
5 0.74375 0.44609375 0.196875 0.1984375
5 0.8296875 0.19296875 0.04375 0.0515625
5 0.76796875 0.271875 0.1140625 0.153125
2 0.9453125 0.30625 0.10625 0.146875
5 0.90859375 0.2578125 0.0890625 0.096875
5 0.75625 0.16953125 0.065625 0.0578125
5 0.39453125 0.18125 0.0203125 0.04375
5 0.32421875 0.20765625000000001 0.0515625 0.065953125
5 0.69071875 0.169265625 0.030609375 0.036484375
5 0.63415625 0.242296875 0.06875 0.0953125
5 0.591359375 0.312765625 0.12959375 0.196453125