5 0.83125 0.4578125 0.334375 0.421875
5 0.27890625 0.215625 0.1265625 0.171875
5 0.17421875 0.4796875 0.1953125 0.315625
5 0.43828125 0.2109375 0.1171875 0.103125
5 0.47734375 0.0890625 0.0578125 0.08125
5 0.5984375 0.20859375 0.16875 0.2078125
5 0.525 0.514796875 0.31875 0.604765625
5 0.390625 0.07265625 0.059375 0.0703125
3 0.1140625 0.725 0.228125 0.2875
3 0.23359375 0.3109375 0.0921875 0.059375
3 0.29140625 0.40078125 0.0796875 0.1296875
4 0.06171875 0.34765625 0.0328125 0.0515625
4 0.05078125 0.51015625 0.0484375 0.0796875
4 0.1484375 0.2359375 0.025 0.05625
4 0.1046875 0.35859375 0.028125 0.0453125
4 0.10625 0.3 0.028125 0.040625
4 0.1984375 0.26484375 0.028125 0.0515625
4 0.06484375 0.4359375 0.0359375 0.05625