5 0.875 0.53671875 0.246875 0.4140625
5 0.459375 0.34296875 0.178125 0.2734375
5 0.60625 0.215625 0.14375 0.175
5 0.59375 0.7515625 0.3125 0.421875
5 0.22421875 0.31796875 0.1203125 0.1859375
5 0.121359375 0.64578125 0.24270312500000002 0.4066875
5 0.52109375 0.12109375 0.0984375 0.1359375
5 0.28046875 0.21796875 0.0796875 0.1078125
2 0.29453125 0.1640625 0.0859375 0.096875
5 0.1484375 0.403125 0.184375 0.153125
5 0.42890625 0.153125 0.1140625 0.11875
4 0.01640625 0.4765625 0.0328125 0.075
4 0.0796875 0.35390625 0.03125 0.0390625