1 0.4078125 0.784375 0.028125 0.075
1 0.59921875 0.80390625 0.0328125 0.0734375
1 0.6859375 0.70234375 0.025 0.0578125
1 0.75234375 0.6421875 0.0296875 0.05
1 0.79765625 0.7421875 0.0296875 0.0625
1 0.22421875 0.59296875 0.0203125 0.0390625
1 0.0515625 0.5890625 0.071875 0.04375
1 0.215625 0.6796875 0.025 0.059375
1 0.370875 0.539484375 0.02028125 0.043437500000000004
1 0.4046875 0.5421875 0.021875 0.040625
1 0.2859375 0.59453125 0.021875 0.0453125
1 0.14765625 0.67265625 0.0234375 0.0484375
1 0.56328125 0.55703125 0.0203125 0.0390625
1 0.009375 0.6578125 0.01875 0.05
1 0.4671875 0.57265625 0.01875 0.0421875
1 0.33515625 0.97265625 0.0578125 0.0515625
1 0.52734375 0.575 0.0171875 0.034375
1 0.33046875 0.5625 0.0140625 0.028125
1 0.37734375 0.59453125 0.0203125 0.0453125
1 0.5015625 0.5828125 0.01875 0.040625
1 0.27265625 0.6734375 0.0265625 0.05625