5 0.12265625 0.55390625 0.2359375 0.3140625
5 0.92265625 0.6796875 0.1515625 0.6375
5 0.781921875 0.44059375 0.33303125 0.5250625
5 0.5272187500000001 0.614421875 0.389296875 0.76803125
5 0.509375 0.125 0.096875 0.10625
5 0.28984375 0.17890625 0.0734375 0.0984375
5 0.44140625 0.1953125 0.1140625 0.084375
5 0.55078125 0.18046875 0.0765625 0.1046875
5 0.5921875 0.2265625 0.078125 0.115625
5 0.41875 0.11171875 0.071875 0.0921875
5 0.6015625 0.28359375 0.0375 0.1421875
2 0.19765625 0.35546875 0.1921875 0.2265625
4 0.06015625 0.42734375 0.0421875 0.0609375
4 0.13046875 0.2734375 0.0296875 0.03125