1 0.66796875 0.7578125 0.0671875 0.13125
1 0.46796875 0.65234375 0.0609375 0.1078125
1 0.06796875 0.8546875 0.0765625 0.140625
1 0.27109375 0.9453125 0.0890625 0.10625
1 0.37734375 0.65703125 0.0515625 0.0984375
1 0.57578125 0.6578125 0.0578125 0.1125
1 0.12421875 0.94453125 0.0859375 0.1078125
1 0.53046875 0.95703125 0.0890625 0.0828125
1 0.62578125 0.4875 0.0453125 0.0875
1 0.425 0.38984375 0.03125 0.0703125
1 0.3453125 0.43984375 0.0375 0.0734375
1 0.46875 0.43125 0.034375 0.075
1 0.790625 0.453125 0.040625 0.08125
1 0.70390625 0.45703125 0.0359375 0.0796875
1 0.5546875 0.3234375 0.03125 0.065625
1 0.7265625 0.34296875 0.034375 0.0640625
1 0.9078125 0.45234375 0.03125 0.0765625
1 0.6140625 0.3828125 0.0375 0.071875
1 0.584375 0.4296875 0.0375 0.071875
1 0.83203125 0.42265625 0.0359375 0.0796875
1 0.684375 0.64765625 0.0625 0.0984375
1 0.79921875 0.28515625 0.0265625 0.0546875
1 0.65625 0.4265625 0.0375 0.071875