1 0.53671875 0.8171875 0.0484375 0.0875
1 0.3671875 0.7453125 0.0375 0.06875
1 0.68359375 0.78203125 0.0421875 0.0765625
1 0.58828125 0.71875 0.0359375 0.071875
1 0.7828125 0.603125 0.028125 0.05
1 0.7265625 0.7125 0.0375 0.078125
1 0.48671875 0.65703125 0.0296875 0.0609375
1 0.32578125 0.7125 0.0359375 0.06875
1 0.56484375 0.653125 0.0328125 0.059375
1 0.7765625 0.72578125 0.040625 0.0703125
1 0.4171875 0.75390625 0.0375 0.0671875
1 0.58828125 0.51484375 0.0234375 0.0421875
1 0.61796875 0.83671875 0.0421875 0.0671875
1 0.63203125 0.51875 0.0203125 0.040625
1 0.43671875 0.6484375 0.0328125 0.05625
1 0.14453125 0.8546875 0.1109375 0.103125
1 0.82421875 0.70859375 0.0328125 0.0703125
1 0.66640625 0.49609375 0.0171875 0.0359375
1 0.84609375 0.546875 0.0234375 0.046875
1 0.53203125 0.7109375 0.0390625 0.046875
1 0.62421875 0.6015625 0.0296875 0.05625
1 0.78671875 0.51484375 0.0171875 0.0359375
1 0.75078125 0.4984375 0.0171875 0.034375
1 0.7671875 0.5078125 0.01875 0.0375
1 0.72734375 0.51484375 0.0171875 0.0390625
1 0.8546875 0.73046875 0.0375 0.0734375
1 0.75703125 0.659375 0.0359375 0.065625
1 0.8296875 0.509375 0.01875 0.0375