3 0.25078125 0.271875 0.0734375 0.05
3 0.62109375 0.29375 0.0640625 0.053125
5 0.76015625 0.30078125 0.1140625 0.1671875
5 0.15703125 0.80859375 0.3140625 0.3796875
5 0.70546875 0.73359375 0.3390625 0.4734375
5 0.95 0.36328125 0.096875 0.2234375
5 0.103125 0.366078125 0.20625 0.2125
5 0.8765625 0.221875 0.059375 0.078125
5 0.6625 0.209375 0.05625 0.078125
5 0.66328125 0.153125 0.0609375 0.053125
5 0.3786875 0.21998437499999998 0.13325 0.146234375
5 0.915625 0.28828125 0.084375 0.1078125
5 0.75234375 0.19375 0.0734375 0.06875
3 0.8390625 0.215625 0.025 0.053125
2 0.8328125 0.16953125 0.05625 0.0703125
5 0.094984375 0.24767187499999999 0.189953125 0.10470312500000001
5 0.69140625 0.14609375 0.0421875 0.0515625
5 0.54096875 0.22545312499999998 0.10245312499999999 0.14465625
5 0.9265625 0.31796875 0.059375 0.1265625