1 0.7640625 0.690625 0.034375 0.090625
1 0.4296875 0.65703125 0.06875 0.1171875
1 0.05546875 0.73359375 0.0859375 0.1234375
1 0.9234375 0.71171875 0.06875 0.1140625
1 0.77890625 0.46796875 0.0390625 0.0828125
1 0.83828125 0.70546875 0.0609375 0.1171875
1 0.24453125 0.46484375 0.0328125 0.0796875
1 0.56875 0.70625 0.065625 0.128125
1 0.6921875 0.5734375 0.040625 0.0875
1 0.50234375 0.3375 0.0265625 0.0625
1 0.4265625 0.3546875 0.03125 0.06875
1 0.94765625 0.48046875 0.0671875 0.0921875
1 0.3734375 0.46953125 0.025 0.0703125
1 0.51875 0.65234375 0.04375 0.0984375
1 0.72734375 0.35859375 0.0390625 0.0734375
1 0.05703125 0.29765625 0.0359375 0.0609375
1 0.52890625 0.359375 0.0296875 0.0625
1 0.59453125 0.3375 0.0234375 0.05625
1 0.121875 0.7171875 0.075 0.09375
1 0.62265625 0.65625 0.0515625 0.1
1 0.3234375 0.5828125 0.078125 0.109375
1 0.86796875 0.42890625 0.0453125 0.0859375
1 0.46875 0.290625 0.025 0.053125
1 0.56015625 0.43671875 0.0265625 0.0671875
1 0.08046875 0.396875 0.0703125 0.06875
1 0.0640625 0.525 0.075 0.078125