5 0.10078125 0.74921875 0.2015625 0.4984375
5 0.83515625 0.573703125 0.3296875 0.7005312499999999
5 0.279296875 0.21212499999999998 0.08046875 0.116375
5 0.2390625 0.275 0.11875 0.16875
5 0.182546875 0.54196875 0.186984375 0.208765625
5 0.6446562499999999 0.657296875 0.5177968749999999 0.6854218750000001
5 0.48139062499999996 0.307953125 0.194609375 0.2505625
5 0.573046875 0.201953125 0.07578125 0.099234375
4 0.07265625 0.28671875 0.0171875 0.0296875
5 0.20020312499999998 0.37501562499999996 0.149890625 0.179203125
5 0.415984375 0.120078125 0.07321875 0.11681250000000001
5 0.5168125 0.138625 0.083203125 0.099734375
5 0.46743750000000006 0.069640625 0.055296875 0.074265625