5 0.5796875 0.73828125 0.40625 0.5203125
5 0.88046875 0.7140625 0.2359375 0.56875
5 0.23046875 0.3046875 0.1328125 0.196875
5 0.34453125 0.4703125 0.2140625 0.340625
5 0.44921875 0.27421875 0.1609375 0.2484375
5 0.5640625 0.20234375 0.096875 0.1359375
5 0.5203125 0.1296875 0.09375 0.121875
5 0.26484375 0.21171875 0.0921875 0.1171875
5 0.305703125 0.150234375 0.054234375 0.08078125
3 0.7109375 0.39765625 0.14375 0.1359375
4 0.03125 0.56171875 0.059375 0.1015625
4 0.0890625 0.4109375 0.040625 0.06875