1 0.15546875 0.7875 0.0421875 0.08125
1 0.88046875 0.9 0.0484375 0.096875
1 0.553125 0.8203125 0.05625 0.084375
1 0.95390625 0.95390625 0.0578125 0.0890625
1 0.203125 0.71796875 0.0375 0.0703125
1 0.31796875 0.8 0.0546875 0.0875
1 0.39921875 0.58203125 0.0265625 0.0484375
1 0.39765625 0.67265625 0.0328125 0.0640625
1 0.18046875 0.56640625 0.0265625 0.0484375
1 0.328125 0.67890625 0.0375 0.0703125
1 0.225 0.6078125 0.03125 0.05625
1 0.2703125 0.61015625 0.028125 0.0546875
1 0.45 0.6578125 0.03125 0.059375
1 0.56484375 0.68359375 0.0265625 0.0765625
1 0.2015625 0.4859375 0.028125 0.046875
1 0.38359375 0.51171875 0.0203125 0.0390625
1 0.28515625 0.55234375 0.0234375 0.0484375
1 0.48125 0.6125 0.028125 0.053125
1 0.51953125 0.64375 0.0328125 0.0625
1 0.328125 0.55390625 0.025 0.0484375
1 0.16171875 0.5109375 0.0203125 0.040625
1 0.11953125 0.53046875 0.0203125 0.0359375