1 0.43984375 0.5828125 0.0609375 0.115625
1 0.6015625 0.5859375 0.0375 0.115625
1 0.36484375 0.19140625 0.0234375 0.0640625
1 0.96640625 0.63203125 0.0390625 0.1171875
1 0.54765625 0.5015625 0.0609375 0.121875
1 0.0640625 0.28359375 0.05625 0.0859375
1 0.35390625 0.36328125 0.0546875 0.0890625
1 0.70390625 0.48359375 0.0546875 0.1171875
1 0.9046875 0.59296875 0.05625 0.1234375
1 0.40859375 0.32578125 0.0296875 0.0765625
1 0.91953125 0.39609375 0.0546875 0.1015625
1 0.484375 0.49921875 0.03125 0.0984375
1 0.3875 0.48984375 0.05 0.1109375
1 0.59921875 0.85 0.0859375 0.165625
1 0.115625 0.784375 0.23125 0.14375
1 0.5109375 0.33828125 0.04375 0.0890625
1 0.146875 0.67109375 0.125 0.1078125
1 0.8546875 0.3484375 0.0875 0.071875
1 0.8203125 0.3078125 0.040625 0.075
1 0.2796875 0.19921875 0.021875 0.0515625