1 0.67578125 0.5125 0.0328125 0.040625
1 0.80546875 0.95 0.0765625 0.096875
1 0.3359375 0.69375 0.059375 0.065625
1 0.621875 0.62890625 0.04375 0.0546875
1 0.94453125 0.73828125 0.0515625 0.0734375
1 0.43046875 0.86328125 0.0828125 0.0859375
1 0.5296875 0.76640625 0.065625 0.0703125
1 0.5734375 0.6953125 0.05625 0.06875
1 0.41484375 0.71171875 0.0578125 0.0703125
1 0.16640625 0.97109375 0.1203125 0.0546875
1 0.97109375 0.62109375 0.0484375 0.0609375
1 0.70546875 0.5859375 0.0328125 0.053125
1 0.9046875 0.4796875 0.025 0.034375
1 0.06171875 0.78359375 0.0859375 0.0796875
1 0.853125 0.5296875 0.028125 0.04375
1 0.7484375 0.6578125 0.04375 0.065625
1 0.8515625 0.69765625 0.04375 0.0640625
1 0.5359375 0.54921875 0.0375 0.0296875
1 0.58359375 0.81015625 0.0640625 0.0765625
1 0.75625 0.6 0.034375 0.040625
1 0.240625 0.696875 0.08125 0.0625
1 0.4515625 0.75859375 0.065625 0.0671875
1 0.8328125 0.4875 0.025 0.03125
1 0.084375 0.92109375 0.0875 0.0953125
1 0.7765625 0.47890625 0.028125 0.0390625
1 0.38984375 0.61015625 0.0609375 0.0609375
1 0.56484375 0.5984375 0.0359375 0.040625
1 0.8171875 0.446875 0.025 0.03125
1 0.934375 0.5921875 0.03125 0.05625
1 0.80859375 0.5203125 0.0359375 0.046875
1 0.79609375 0.6265625 0.0390625 0.059375
1 0.94921875 0.53203125 0.0234375 0.0328125
1 0.71171875 0.5453125 0.0265625 0.034375
1 0.8984375 0.55859375 0.0375 0.0640625
1 0.76796875 0.44765625 0.0234375 0.0296875
1 0.15 0.93046875 0.1 0.0859375
1 0.5421875 0.64375 0.04375 0.053125