4 0.71484375 0.471875 0.0265625 0.04375
4 0.69296875 0.44296875 0.0203125 0.0328125
4 0.56171875 0.3609375 0.0203125 0.0375
4 0.54375 0.325 0.0125 0.021875
4 0.66953125 0.43671875 0.0203125 0.0328125
2 0.61015625 0.38203125 0.0953125 0.1109375
2 0.46640625 0.31640625 0.0609375 0.0859375
5 0.39765625 0.25546875 0.0265625 0.0359375
5 0.44375 0.24453125 0.034375 0.0296875
5 0.44140625 0.28359375 0.0421875 0.0609375
3 0.728125 0.57578125 0.11875 0.1015625
3 0.490625 0.5015625 0.10625 0.121875
5 0.5 0.2578125 0.025 0.034375
3 0.3825625 0.31615625 0.03715625 0.033546875