5 0.8859375 0.6609375 0.225 0.675
5 0.06484375 0.78359375 0.1296875 0.4296875
5 0.46953125 0.35546875 0.1640625 0.2546875
5 0.1359375 0.575703125 0.20625 0.354515625
5 0.44296875 0.20859375 0.0953125 0.0609375
5 0.51640625 0.1265625 0.0859375 0.121875
5 0.41796875 0.10625 0.0578125 0.071875
5 0.607375 0.21378124999999998 0.16789062500000002 0.22443749999999998
2 0.76953125 0.41484375 0.2765625 0.3671875
5 0.45310937500000004 0.05596875 0.039109375 0.0474375
4 0.13203125 0.32734375 0.0359375 0.0546875
4 0.028125 0.4734375 0.046875 0.078125
4 0.215625 0.2296875 0.028125 0.0625
3 0.409375 0.6125 0.175 0.175
5 0.259375 0.253515625 0.096875 0.13046875
3 0.1734375 0.3890625 0.11875 0.059375
5 0.31065624999999997 0.12232812500000001 0.06492187499999999 0.087828125