1 0.37890625 0.634375 0.0734375 0.14375
1 0.81953125 0.9609375 0.1234375 0.075
1 0.68046875 0.7640625 0.0328125 0.128125
1 0.04296875 0.475 0.0484375 0.115625
1 0.51953125 0.73828125 0.0734375 0.1578125
1 0.26015625 0.675 0.0421875 0.125
1 0.49140625 0.36875 0.0546875 0.1
1 0.725 0.50859375 0.028125 0.1015625
1 0.853125 0.315625 0.028125 0.090625
1 0.77265625 0.76953125 0.0734375 0.1671875
1 0.76640625 0.57421875 0.0296875 0.0953125
1 0.49140625 0.51875 0.0328125 0.078125
1 0.82109375 0.65546875 0.0296875 0.1171875
1 0.66796875 0.37890625 0.0296875 0.0828125
1 0.953125 0.815625 0.090625 0.171875
1 0.3921875 0.4546875 0.04375 0.090625
1 0.396875 0.2890625 0.025 0.071875
1 0.790625 0.36953125 0.03125 0.0796875
1 0.5671875 0.68828125 0.028125 0.1015625
1 0.3484375 0.484375 0.04375 0.078125
1 0.10234375 0.48515625 0.0703125 0.1078125