5 0.4671875 0.27734375 0.190625 0.3640625
5 0.0640625 0.73125 0.128125 0.534375
5 0.43853125000000004 0.033296875 0.048921875 0.055265625
5 0.16375 0.335 0.3275 0.44000000000000006
5 0.31203125 0.14160937499999998 0.11156250000000001 0.21053125
5 0.442921875 0.078125 0.068265625 0.040625
4 0.65 0.148703125 0.025 0.04321875
4 0.716109375 0.16412500000000002 0.025984374999999997 0.04675
2 0.59453125 0.07890625 0.0671875 0.0859375
5 0.4609375 0.7515625 0.720625 0.496875
3 0.5953125 0.13125 0.059375 0.05
3 0.54609375 0.07109375 0.0359375 0.0390625