5 0.0890625 0.7671875 0.178125 0.4625
5 0.15703125 0.478125 0.1921875 0.28125
5 0.5375 0.445796875 0.321875 0.42090625
5 0.5234375 0.12421875 0.096875 0.1359375
5 0.2359375 0.291546875 0.153125 0.232515625
5 0.4578125 0.19453125 0.14375 0.0921875
5 0.65078125 0.8125 0.5015625 0.371875
5 0.425 0.13125 0.090625 0.11875
4 0.01640625 0.475 0.0328125 0.084375
4 0.0640625 0.4265625 0.040625 0.078125
4 0.14921875 0.321875 0.0234375 0.04375
2 0.2734375 0.1953125 0.1 0.115625
5 0.30546875 0.12709375 0.0703125 0.0989375