4 0.9203125 0.22890625 0.01875 0.0359375
2 0.48046875 0.48125 0.2265625 0.2875
3 0.86171875 0.22578125 0.0484375 0.0453125
5 0.06953125 0.31953125 0.1390625 0.2421875
5 0.76015625 0.253125 0.0921875 0.1625
5 0.56640625 0.325 0.1421875 0.196875
5 0.1921875 0.790625 0.384375 0.415625
5 0.64453125 0.21796875 0.0859375 0.1453125
5 0.8578125 0.17734375 0.065625 0.0828125
5 0.30339062499999997 0.254703125 0.119265625 0.14065624999999998
5 0.95703125 0.429390625 0.0859375 0.346265625
5 0.37578125 0.20859375 0.0359375 0.0671875
5 0.55234375 0.1921875 0.0703125 0.078125
5 0.8161875000000001 0.17098437500000002 0.023890625 0.055796875
2 0.3296875 0.159375 0.08125 0.05
5 0.61953125 0.821875 0.5484375 0.353125
5 0.75859375 0.15625 0.0578125 0.03125
5 0.73984375 0.14140625 0.0515625 0.0390625