5 0.74921875 0.3453125 0.3078125 0.396875
5 0.55 0.17734375 0.128125 0.1859375
5 0.12734375 0.5875 0.2546875 0.3625
5 0.63515625 0.7734375 0.3609375 0.45
5 0.0671875 0.84375 0.134375 0.309375
5 0.17109375 0.35390625 0.1515625 0.1265625
5 0.4703125 0.31015625 0.184375 0.3421875
5 0.42109375 0.109375 0.0828125 0.075
5 0.471875 0.07421875 0.05 0.0703125
2 0.22421875 0.27109375 0.1421875 0.1703125
3 0.303125 0.23046875 0.034375 0.0546875
3 0.2875 0.17265625 0.05 0.0453125
5 0.3246875 0.12140625000000001 0.065 0.075953125
3 0.4875 0.12109375 0.015625 0.0359375
4 0.07265625 0.2875 0.0171875 0.03125
4 0.103125 0.31875 0.028125 0.046875
4 0.21484375 0.17890625 0.0171875 0.0265625