5 0.446875 0.3828125 0.25 0.503125
5 0.214984375 0.3390625 0.158078125 0.2
5 0.04453125 0.7421875 0.0890625 0.453125
5 0.2921875 0.18203125 0.125 0.1578125
5 0.35546875 0.064515625 0.091375 0.12903125
5 0.325 0.10859375 0.09375 0.1265625
4 0.70546875 0.21156250000000001 0.0296875 0.051890625
4 0.934375 0.59140625 0.0625 0.1296875
4 0.81015625 0.33828125 0.0453125 0.0734375
4 0.675296875 0.131703125 0.025 0.033328125
2 0.59375 0.0875 0.09375 0.1125
2 0.04296875 0.0578125 0.0859375 0.1125
2 0.46875 0.08984375 0.10625 0.0984375
3 0.48828125 0.82421875 0.2765625 0.2703125
5 0.549671875 0.040234375 0.1006875 0.080453125