5 0.13965624999999998 0.383375 0.27931249999999996 0.290625
5 0.079484375 0.67103125 0.15896875 0.379546875
5 0.23204687499999999 0.25 0.19021875 0.221875
5 0.4 0.63671875 0.534375 0.7234375
5 0.46484375 0.0828125 0.1109375 0.084375
5 0.615765625 0.09453125 0.10598437499999999 0.1328125
5 0.2890625 0.1359375 0.15 0.196875
5 0.553125 0.04609375 0.053125 0.0703125
5 0.356890625 0.0859375 0.08254687499999999 0.109375
3 0.6234375 0.15 0.0875 0.103125
4 0.971875 0.49765625 0.053125 0.1078125
4 0.9078125 0.41953125 0.05 0.0921875
4 0.8703125 0.37734375 0.046875 0.0703125
4 0.8203125 0.38359375 0.046875 0.0796875
4 0.8 0.27109375 0.0375 0.0484375
2 0.6916562500000001 0.22578125 0.179203125 0.1984375
2 0.48125 0.225 0.190625 0.134375