5 0.11640625 0.4921875 0.2171875 0.290625
5 0.65 0.30546875 0.125 0.1640625
5 0.04453125 0.9234375 0.0890625 0.15
5 0.45715625 0.29679687499999996 0.154453125 0.21576562500000002
5 0.18515625 0.36640625 0.1453125 0.1859375
5 0.27265625 0.2671875 0.0796875 0.090625
5 0.4375 0.1609375 0.1 0.0625
3 0.5 0.39453125 0.125 0.0703125
5 0.68515625 0.70859375 0.6296875 0.5828125
5 0.57421875 0.20625 0.0984375 0.121875
5 0.609375 0.2515625 0.090625 0.134375
5 0.8497031249999999 0.5845312500000001 0.30059375 0.6721874999999999
5 0.55 0.165625 0.121875 0.128125
2 0.1375 0.25234375 0.146875 0.1515625
3 0.03984375 0.72421875 0.0796875 0.2515625