4 0.1234375 0.14296875 0.021875 0.0421875
4 0.26171875 0.08125 0.0203125 0.01875
3 0.96640625 0.3359375 0.0640625 0.090625
3 0.22578125 0.2140625 0.0953125 0.0625
3 0.10234375 0.28046875 0.1359375 0.1015625
3 0.93359375 0.23125 0.0703125 0.065625
5 0.2453125 0.63203125 0.46875 0.5328125
5 0.678125 0.60546875 0.234375 0.3796875
5 0.33359375 0.084375 0.1140625 0.13125
5 0.7921875 0.4265625 0.15625 0.246875
5 0.58359375 0.18828125 0.1484375 0.2453125
5 0.928125 0.16796875 0.06875 0.0953125
5 0.75390625 0.16640625 0.1015625 0.1109375
2 0.84296875 0.07421875 0.0578125 0.0859375
5 0.9796875 0.24296875 0.0375 0.0953125
5 0.2078125 0.11328125 0.075 0.0703125
5 0.7609375 0.0828125 0.084375 0.059359375000000006
5 0.63203125 0.1078125 0.0921875 0.14375
5 0.2359375 0.1671875 0.1046875 0.096875
5 0.746875 0.02109375 0.05625 0.0421875
5 0.47578125 0.3796875 0.1515625 0.171875
5 0.904296875 0.11560937499999999 0.10390625 0.134390625
5 0.73359375 0.23046875 0.1109375 0.0703125
5 0.723046875 0.343359375 0.138265625 0.16328125