1 0.64921875 0.80234375 0.0484375 0.0734375
1 0.49375 0.86171875 0.053125 0.0828125
1 0.40703125 0.94921875 0.0578125 0.0984375
1 0.1703125 0.79765625 0.0625 0.0703125
1 0.51875 0.6703125 0.0375 0.046875
1 0.33828125 0.58359375 0.0328125 0.0453125
1 0.2734375 0.61953125 0.03125 0.0484375
1 0.0578125 0.66171875 0.05 0.0546875
1 0.66171875 0.54921875 0.0234375 0.0359375
1 0.3015625 0.525 0.025 0.034375
1 0.01484375 0.65 0.0296875 0.046875
1 0.0328125 0.87578125 0.065625 0.0796875
1 0.29765625 0.75625 0.0515625 0.0625
1 0.1375 0.7234375 0.046875 0.065625
1 0.559375 0.70625 0.028125 0.05625
1 0.10703125 0.58828125 0.0359375 0.0359375
1 0.07734375 0.5859375 0.0359375 0.040625
1 0.425 0.64375 0.059375 0.046875
1 0.19140625 0.5953125 0.0296875 0.040625
1 0.21875 0.725 0.05 0.0625
1 0.35078125 0.5484375 0.0234375 0.03125
1 0.11328125 0.68515625 0.0390625 0.0515625
1 0.2375 0.665625 0.0375 0.046875
1 0.21796875 0.6234375 0.0328125 0.05
1 0.6734375 0.6921875 0.034375 0.0625