5 0.740828125 0.321875 0.16834375 0.203125
5 0.459375 0.1818125 0.14375 0.230109375
5 0.680390625 0.189109375 0.17046875 0.23114062500000002
5 0.340765625 0.06484375 0.08153125 0.1109375
5 0.080625 0.603125 0.16125 0.553125
5 0.26484375 0.21171875 0.1921875 0.2953125
5 0.549265625 0.04453125 0.051468749999999994 0.0671875
3 0.16484375 0.4546875 0.0859375 0.153125
5 0.46328125 0.03671875 0.0859375 0.0671875
5 0.36171875 0.03671875 0.0640625 0.0734375
4 0.96953125 0.4859375 0.0578125 0.109375
4 0.923265625 0.527640625 0.058515625 0.113484375
4 0.842859375 0.344109375 0.043625000000000004 0.08053125
4 0.5984375 0.0859375 0.0125 0.021875
4 0.8984375 0.444234375 0.049046875000000004 0.09903125
2 0.45546875 0.509375 0.2765625 0.465625
3 0.93046875 0.859375 0.1359375 0.278125