5 0.70078125 0.3109375 0.1671875 0.221875
5 0.51171875 0.43828125 0.1796875 0.2140625
5 0.44453125 0.2640625 0.1484375 0.209375
5 0.171875 0.4875 0.20625 0.29375
5 0.25234375 0.25 0.1078125 0.14375
5 0.5484375 0.16875 0.115625 0.134375
5 0.1953125 0.309375 0.140625 0.084375
5 0.865625 0.60315625 0.265625 0.49692187499999996
5 0.3015625 0.16953125 0.0625 0.0828125
5 0.50546875 0.103125 0.0828125 0.115625
5 0.4203125 0.1296875 0.09375 0.096875
3 0.5640625 0.696875 0.228125 0.29375
4 0.115625 0.3453125 0.028125 0.053125