5 0.82734375 0.4484375 0.3328125 0.45625
5 0.94296875 0.7109375 0.1109375 0.575
5 0.440625 0.18125 0.115625 0.1875
5 0.60234375 0.2140625 0.1328125 0.178125
5 0.46953125 0.44296875 0.2953125 0.3390625
5 0.2296875 0.26484375 0.159375 0.2515625
5 0.53515625 0.178125 0.0796875 0.125
5 0.3046875 0.13046875 0.065625 0.0984375
5 0.60078125 0.79453125 0.4953125 0.4078125
5 0.4703125 0.06796875 0.046875 0.0640625
5 0.3390625 0.05546875 0.034375 0.0359375
5 0.40390625 0.08203125 0.0484375 0.0703125
4 0.10234375 0.38125 0.0359375 0.0625
4 0.04765625 0.3578125 0.0359375 0.053125
4 0.05703125 0.51171875 0.0578125 0.0890625
4 0.04453125 0.4234375 0.0453125 0.06875
4 0.26953125 0.1234375 0.0203125 0.03125
3 0.646875 0.35078125 0.046875 0.1234375
5 0.06621875 0.8471249999999999 0.132421875 0.305734375