5 0.08128125 0.66953125 0.162546875 0.3765625
5 0.1414375 0.3818125 0.282859375 0.29375
5 0.40859375 0.63125 0.5046875 0.734375
5 0.30678125 0.13671875 0.14170312499999999 0.2234375
5 0.23154687499999999 0.24523437499999998 0.18609375 0.2234375
5 0.5734375 0.05 0.0875 0.1
5 0.4609375 0.0515625 0.090625 0.075
3 0.5953125 0.10703125 0.06875 0.0859375
5 0.358921875 0.04140625 0.07075000000000001 0.0828125
5 0.4625 0.1328125 0.11875 0.096875
4 0.96953125 0.62890625 0.0578125 0.1015625
4 0.7551249999999999 0.2263125 0.026250000000000002 0.037609375
2 0.66740625 0.191609375 0.14934375 0.1746875
2 0.47734375 0.2015625 0.1703125 0.15