5 0.33799999999999997 0.0910625 0.10300000000000001 0.1463125
5 0.1546875 0.3359375 0.309375 0.45625
5 0.4578125 0.323828125 0.2296875 0.328890625
5 0.04921875 0.74765625 0.0984375 0.5015625
5 0.45582812500000003 0.1140625 0.11554687500000001 0.109375
5 0.46075 0.0391875 0.08492187500000001 0.078359375
5 0.42207812499999997 0.734375 0.409765625 0.528125
5 0.74296875 0.33359375 0.1671875 0.2140625
4 0.951359375 0.85546875 0.09415625 0.1921875
4 0.869765625 0.615625 0.082328125 0.14375
4 0.9299687499999999 0.543640625 0.068171875 0.116171875
4 0.840625 0.33284375 0.034375 0.0811875
4 0.87675 0.5008125 0.04190625 0.058562499999999997
4 0.9110625000000001 0.43667187500000004 0.04925 0.08915625
2 0.6078125 0.09609375 0.078125 0.0953125
3 0.63828125 0.18046875 0.0796875 0.0765625