5 0.7171875 0.3625 0.259375 0.3125
5 0.121875 0.5578125 0.228125 0.346875
5 0.49921875 0.46640625 0.1859375 0.2953125
5 0.5734375 0.221875 0.128125 0.115625
5 0.1875 0.38046875 0.146875 0.1515625
5 0.5015625 0.11328125 0.0875 0.1140625
5 0.46432812500000004 0.295015625 0.15621875000000002 0.20615624999999999
5 0.278125 0.19453125 0.090625 0.1078125
5 0.25703125 0.2890625 0.1046875 0.1125
5 0.43971875000000005 0.17678125 0.116109375 0.14509375
4 0.16328125 0.2828125 0.0328125 0.05625
3 0.60859375 0.92109375 0.2828125 0.1546875
4 0.19109375 0.257359375 0.01859375 0.041234375000000004
4 0.20804687500000002 0.238203125 0.015609375 0.027515625
4 0.2214375 0.20451562499999998 0.016953125 0.030656250000000003
5 0.24495312500000002 0.14060937499999998 0.053328125000000004 0.06029687500000001