5 0.84375 0.53125 0.309375 0.50625
5 0.5546875 0.1671875 0.128125 0.175
5 0.68984375 0.3296875 0.1703125 0.23125
5 0.2046875 0.384375 0.178125 0.259375
5 0.27928125000000004 0.20146875 0.09917187499999999 0.122046875
5 0.96953125 0.746875 0.0578125 0.503125
5 0.4484375 0.24529687500000003 0.146875 0.212546875
3 0.2875 0.30703125 0.075 0.1140625
5 0.49375 0.37734375 0.209375 0.1640625
5 0.603125 0.6671875 0.421875 0.528125
5 0.415625 0.10234375 0.06875 0.0828125
2 0.1046875 0.63671875 0.209375 0.5984375
4 0.19140625 0.24296875 0.0234375 0.0328125
4 0.22265625 0.1765625 0.0171875 0.025