5 0.7546875 0.3890625 0.334375 0.45625
5 0.57109375 0.7171875 0.2984375 0.503125
5 0.453125 0.35703125 0.134375 0.2140625
5 0.553125 0.16171875 0.1125 0.1671875
5 0.18515625 0.41328125 0.1953125 0.2515625
2 0.25890625 0.19609375 0.103125 0.1171875
5 0.42421875 0.14921875 0.0890625 0.1515625
5 0.490625 0.10703125 0.071875 0.1171875
5 0.28046875 0.1375 0.0578125 0.04375
5 0.31851562499999997 0.12784374999999998 0.04421875 0.0724375
5 0.3984375 0.05234375 0.040625 0.0359375
5 0.23046875 0.328125 0.1078125 0.1375
4 0.02265625 0.71328125 0.0453125 0.1234375
4 0.00859375 0.51875 0.0171875 0.075
4 0.06015625 0.41328125 0.0359375 0.0609375
4 0.09296875 0.38125 0.0234375 0.053125
4 0.2875 0.10390625 0.0125 0.0171875
3 0.275 0.27578125 0.071875 0.0671875