4 0.765625 0.590625 0.034375 0.059375
4 0.60703125 0.3859375 0.0171875 0.025
4 0.70859375 0.4921875 0.0296875 0.046875
4 0.56015625 0.321875 0.0109375 0.025
4 0.6734375 0.4515625 0.01875 0.021875
2 0.440625 0.2625 0.03125 0.04375
3 0.64921875 0.49921875 0.0859375 0.0640625
3 0.55078125 0.36015625 0.0453125 0.0390625
3 0.53359375 0.334375 0.0390625 0.03125
5 0.34453125 0.38203125 0.0921875 0.1578125
5 0.215625 0.66015625 0.203125 0.2359375
5 0.61484375 0.80234375 0.4453125 0.3921875
2 0.51484375 0.29375 0.0453125 0.05
3 0.440625 0.30625 0.034375 0.0375
5 0.47739062499999996 0.494921875 0.15790625 0.23359375