1 0.11484375 0.89453125 0.0921875 0.1453125
1 0.2453125 0.7828125 0.053125 0.115625
1 0.78671875 0.58671875 0.0578125 0.0953125
1 0.51640625 0.74765625 0.0671875 0.1265625
1 0.7109375 0.5515625 0.05625 0.09375
1 0.9078125 0.59140625 0.059375 0.1015625
1 0.23046875 0.56328125 0.0546875 0.0921875
1 0.34765625 0.55234375 0.0546875 0.0953125
1 0.53125 0.546875 0.0625 0.096875
1 0.48359375 0.34375 0.0265625 0.059375
1 0.61640625 0.54765625 0.0546875 0.0921875
1 0.88515625 0.3328125 0.0296875 0.0625
1 0.0328125 0.77890625 0.065625 0.1140625
1 0.603125 0.41640625 0.03125 0.0703125
1 0.8609375 0.50234375 0.05 0.0921875
1 0.70234375 0.290625 0.0296875 0.059375
1 0.04140625 0.95546875 0.0828125 0.0859375
1 0.56640625 0.68828125 0.0546875 0.1109375
1 0.37734375 0.68515625 0.0515625 0.1109375
1 0.965625 0.32578125 0.03125 0.0640625
1 0.58515625 0.340625 0.0296875 0.0625
1 0.63125 0.24609375 0.03125 0.0515625
1 0.81875 0.334375 0.028125 0.06875
1 0.75390625 0.4109375 0.0390625 0.075
1 0.60234375 0.29296875 0.0234375 0.0484375