4 0.17890625 0.2453125 0.0203125 0.028125
4 0.9484375 0.35703125 0.028125 0.0421875
4 0.30078125 0.190625 0.0171875 0.021875
2 0.053125 0.271875 0.10625 0.146875
3 0.8515625 0.190625 0.03125 0.034375
2 0.56875 0.33359375 0.1375 0.1796875
5 0.63671875 0.23515625 0.1046875 0.1234375
5 0.72109375 0.55 0.2640625 0.471875
5 0.74921875 0.1984375 0.0765625 0.115625
5 0.9671875 0.4625 0.0625 0.203125
5 0.125 0.3140625 0.115625 0.121875
5 0.46875 0.48671875 0.25625 0.2578125
5 0.4375 0.19028125 0.091515625 0.1100625
5 0.91271875 0.24476562500000001 0.0973125 0.148921875
5 0.35234375 0.196875 0.0734375 0.103125
5 0.6359375 0.8953125 0.725 0.20625
5 0.65625 0.1546875 0.059375 0.059375
5 0.8292343750000001 0.161375 0.052234375 0.06787499999999999
5 0.2171875 0.746875 0.434375 0.50625
5 0.542359375 0.228734375 0.087734375 0.13870312499999998
5 0.740625 0.13125 0.046875 0.025
4 0.24959375 0.236 0.016359375000000002 0.0263125