5 0.89296875 0.68203125 0.2109375 0.3671875
5 0.26542187500000003 0.225 0.14645312500000002 0.196875
5 0.12565625 0.41171875 0.2513125 0.3765625
5 0.62734375 0.1203125 0.1109375 0.134375
5 0.31171875 0.1171875 0.1046875 0.178125
5 0.461890625 0.06640625 0.076234375 0.1328125
5 0.45546875 0.348171875 0.2140625 0.40989062499999995
5 0.44921875 0.80078125 0.4484375 0.3953125
5 0.54609375 0.04453125 0.0578125 0.0703125
5 0.446953125 0.144421875 0.07796875 0.08259375
2 0.5859375 0.06796875 0.08125 0.0953125
4 0.774046875 0.24703124999999998 0.03375 0.059046875
4 0.90625 0.453125 0.053125 0.096875
4 0.8203125 0.38125 0.05 0.084375
4 0.73046875 0.20078125 0.0265625 0.0390625
4 0.88671875 0.375 0.0453125 0.078125
4 0.70078125 0.17578125 0.0265625 0.0328125
3 0.6625 0.2546875 0.10625 0.09375
5 0.032296875 0.06796875 0.064609375 0.0609375
5 0.14296875 0.01796875 0.0515625 0.0359375