5 0.828125 0.60859375 0.340625 0.7796875
5 0.53046875 0.51953125 0.1890625 0.2796875
5 0.12109375 0.6484375 0.2421875 0.59375
5 0.59140625 0.228125 0.1390625 0.146875
5 0.27421875 0.21875 0.0796875 0.11875
5 0.53046875 0.13203125 0.1234375 0.1421875
5 0.6609375 0.31171875 0.103125 0.1890625
2 0.43671875 0.16796875 0.0953125 0.1328125
3 0.46328125 0.36640625 0.1109375 0.1234375
3 0.25546875 0.41953125 0.0578125 0.1296875
5 0.238015625 0.282015625 0.105203125 0.139078125
5 0.46015625 0.24451562500000001 0.1015625 0.126578125
5 0.655734375 0.820515625 0.5372656250000001 0.358984375