1 0.840625 0.32578125 0.040625 0.0859375
1 0.321875 0.3640625 0.040625 0.090625
1 0.88203125 0.5453125 0.0515625 0.1125
1 0.22421875 0.721875 0.0734375 0.134375
1 0.5078125 0.82109375 0.08125 0.1515625
1 0.68671875 0.17734375 0.0296875 0.0609375
1 0.634375 0.725 0.071875 0.140625
1 0.69453125 0.9375 0.0703125 0.121875
1 0.69921875 0.40859375 0.0390625 0.0984375
1 0.46328125 0.7140625 0.0765625 0.1375
1 0.7921875 0.0953125 0.028125 0.059375
1 0.6015625 0.41484375 0.0375 0.0890625
1 0.75546875 0.178125 0.0328125 0.0625
1 0.96484375 0.26640625 0.0421875 0.0734375
1 0.2390625 0.921875 0.075 0.153125
1 0.4875 0.3984375 0.046875 0.096875
1 0.89140625 0.234375 0.0265625 0.05625
1 0.45078125 0.440625 0.0453125 0.1
1 0.79375 0.22578125 0.034375 0.0671875
1 0.23125 0.3625 0.040625 0.0875
1 0.92578125 0.0578125 0.0328125 0.046875
1 0.98671875 0.25078125 0.0234375 0.0734375
1 0.75859375 0.0625 0.0265625 0.040625
1 0.83046875 0.07578125 0.0265625 0.0421875
1 0.290625 0.046875 0.025 0.046875
1 0.42578125 0.17265625 0.0265625 0.0640625
1 0.56084375 0.11551562500000001 0.022078125 0.068515625
1 0.88125 0.09453125 0.034375 0.0546875
1 0.97734375 0.06328125 0.0265625 0.0453125