5 0.45659375 0.383640625 0.255546875 0.467078125
2 0.40078125 0.801109375 0.4953125 0.39465625000000004
5 0.843234375 0.582078125 0.31042187499999996 0.676453125
5 0.626359375 0.1625 0.085796875 0.103125
5 0.61328125 0.10546875 0.1078125 0.1234375
5 0.720796875 0.31484375 0.17096875 0.1953125
5 0.458296875 0.10860937500000001 0.133921875 0.105328125
5 0.3325625 0.109375 0.115140625 0.15625
5 0.294390625 0.1671875 0.14190624999999998 0.19234374999999998
5 0.189453125 0.33046875 0.303921875 0.420296875
4 0.68125 0.153125 0.021875 0.034375
4 0.6921875 0.10703125 0.01875 0.0265625
4 0.7078125 0.18467187499999999 0.030046875 0.051328125
4 0.6921875 0.1734375 0.01875 0.034375
3 0.04609375 0.66328125 0.0921875 0.2203125
3 0.6429843749999999 0.23828125 0.07965625 0.0765625